2.444000000000
2.431000000000
2.436000000000
2.431000000000
2.420000000000
2.436000000000
2.436000000000
2.417000000000
2.431000000000
2.433000000000
2.439000000000
2.441000000000
2.431000000000
2.420000000000
2.436000000000
2.433000000000
2.431000000000
2.433000000000
2.425000000000
2.439000000000
2.425000000000
2.433000000000
2.436000000000
2.425000000000
2.433000000000
2.425000000000
2.425000000000
2.436000000000
2.425000000000
2.431000000000
2.431000000000
2.428000000000
2.428000000000
2.441000000000
2.431000000000
2.420000000000
2.428000000000
2.420000000000
2.425000000000
2.420000000000
2.428000000000
2.428000000000
2.425000000000
2.433000000000
2.428000000000
2.425000000000
2.433000000000
2.428000000000
2.433000000000
2.428000000000
2.420000000000
2.422000000000
2.439000000000
2.425000000000
2.417000000000
2.425000000000
2.428000000000
2.425000000000
2.425000000000
2.425000000000
2.431000000000
2.425000000000
2.431000000000
2.417000000000
2.439000000000
2.428000000000
2.441000000000
2.425000000000
2.433000000000
2.422000000000
2.422000000000
2.425000000000
2.433000000000
2.420000000000
2.412000000000
2.428000000000
2.428000000000
2.417000000000
2.425000000000
2.433000000000
2.425000000000
2.425000000000
2.422000000000
2.431000000000
2.431000000000
2.431000000000
2.420000000000
2.431000000000
2.425000000000
2.428000000000
2.433000000000
2.433000000000
2.420000000000
2.425000000000
2.420000000000
2.422000000000
2.412000000000
2.417000000000
2.425000000000
2.425000000000
2.428000000000
2.417000000000
2.425000000000
2.417000000000
2.417000000000
2.422000000000
2.417000000000
2.425000000000
2.425000000000
2.425000000000
2.428000000000
2.425000000000
2.425000000000
2.431000000000
2.417000000000
2.425000000000
2.425000000000
2.417000000000
2.425000000000
2.417000000000
2.425000000000
2.428000000000
2.414000000000
2.425000000000
2.425000000000
2.420000000000
2.420000000000
2.425000000000
2.412000000000
2.425000000000
2.422000000000
2.422000000000
2.436000000000
2.431000000000
2.425000000000
2.425000000000
2.425000000000
2.425000000000
2.425000000000
2.417000000000
2.422000000000
2.431000000000
2.420000000000
2.431000000000
2.422000000000
2.422000000000
2.425000000000
2.425000000000
2.431000000000
2.428000000000
2.433000000000
2.406000000000
2.425000000000
2.431000000000
2.433000000000
2.431000000000
2.433000000000
2.431000000000
2.420000000000
2.420000000000
2.425000000000
2.425000000000
2.425000000000
2.425000000000
2.425000000000
2.425000000000
2.433000000000
2.420000000000
2.433000000000
2.420000000000
2.425000000000
2.433000000000
2.428000000000
2.425000000000
2.436000000000
2.422000000000
2.439000000000
2.422000000000
2.422000000000
2.433000000000
2.431000000000
2.433000000000
2.425000000000
2.425000000000
2.425000000000
2.420000000000
2.431000000000
2.431000000000
2.420000000000
2.425000000000
2.428000000000
2.425000000000
2.417000000000
2.431000000000
2.428000000000
2.425000000000
2.425000000000
2.433000000000
2.433000000000
2.417000000000
2.441000000000
2.425000000000
2.425000000000
2.425000000000
2.422000000000
2.433000000000
2.425000000000
2.431000000000
2.428000000000
2.433000000000
2.422000000000
2.417000000000
2.428000000000
2.425000000000
2.433000000000
2.420000000000
2.439000000000
2.422000000000
2.420000000000
2.431000000000
2.431000000000
2.425000000000
2.433000000000
2.436000000000
2.425000000000
2.433000000000
2.422000000000
2.425000000000
2.425000000000
2.425000000000
2.439000000000
2.428000000000
2.417000000000
2.439000000000
2.422000000000
2.420000000000
2.431000000000
2.436000000000
2.439000000000
2.420000000000
2.433000000000
2.422000000000
2.425000000000
2.428000000000
2.433000000000
2.417000000000
2.441000000000
2.425000000000
2.422000000000
2.431000000000
2.431000000000
2.431000000000
2.422000000000
2.425000000000
2.417000000000
2.431000000000
2.431000000000
2.425000000000
2.425000000000
2.422000000000
2.425000000000
2.431000000000
2.428000000000
2.428000000000
2.428000000000
2.433000000000
2.428000000000
2.425000000000
2.425000000000
2.428000000000
2.422000000000
2.420000000000
2.431000000000
2.414000000000
2.425000000000
2.417000000000
2.417000000000
2.412000000000
2.425000000000
2.425000000000
2.414000000000
2.422000000000
2.441000000000
2.425000000000
2.433000000000
2.425000000000
2.425000000000
2.433000000000
2.436000000000
2.425000000000
2.420000000000
2.428000000000
2.422000000000
2.425000000000
2.431000000000
2.433000000000
2.422000000000
2.422000000000
2.422000000000
2.439000000000
2.425000000000
2.428000000000
2.425000000000
2.422000000000
2.425000000000
2.431000000000
2.417000000000
2.425000000000
2.422000000000
2.439000000000
2.425000000000
2.428000000000
2.425000000000
2.417000000000
2.431000000000
2.441000000000
2.425000000000
2.428000000000
2.420000000000
2.433000000000
2.425000000000
2.433000000000
2.441000000000
2.425000000000
2.425000000000
2.425000000000
2.412000000000
2.441000000000
2.441000000000
2.425000000000
2.431000000000
2.425000000000
2.425000000000
2.425000000000
2.422000000000
2.433000000000
2.425000000000
2.420000000000
2.425000000000
2.439000000000
2.428000000000
2.431000000000
2.425000000000
2.428000000000
2.425000000000
2.428000000000
2.428000000000
2.425000000000
2.433000000000
2.422000000000
2.425000000000
2.433000000000
2.431000000000
2.428000000000
2.420000000000
2.431000000000
2.431000000000
2.420000000000
2.425000000000
2.425000000000
2.425000000000
2.422000000000
2.431000000000
2.425000000000
2.428000000000
2.422000000000
2.420000000000
2.428000000000
2.431000000000
2.436000000000
2.428000000000
2.425000000000
2.420000000000
2.428000000000
2.409000000000
2.425000000000
2.420000000000
2.412000000000
2.436000000000
2.433000000000
2.420000000000
2.425000000000
