4.801000000000
4.837000000000
4.856000000000
4.834000000000
4.788000000000
4.869000000000
4.853000000000
4.848000000000
4.837000000000
4.875000000000
4.910000000000
4.818000000000
4.902000000000
4.810000000000
4.796000000000
4.907000000000
4.915000000000
4.837000000000
4.861000000000
4.902000000000
4.842000000000
4.826000000000
4.853000000000
4.872000000000
4.818000000000
4.853000000000
4.848000000000
4.810000000000
4.837000000000
4.853000000000
4.791000000000
4.826000000000
4.734000000000
4.839000000000
4.872000000000
4.850000000000
4.929000000000
4.856000000000
4.905000000000
4.913000000000
4.772000000000
4.875000000000
4.785000000000
4.837000000000
4.820000000000
4.864000000000
4.915000000000
4.815000000000
4.853000000000
4.877000000000
4.744000000000
4.820000000000
4.780000000000
4.826000000000
4.848000000000
4.864000000000
4.837000000000
4.785000000000
4.867000000000
4.907000000000
4.880000000000
4.921000000000
4.872000000000
4.818000000000
4.842000000000
4.910000000000
4.864000000000
4.810000000000
4.864000000000
4.861000000000
4.820000000000
4.861000000000
4.769000000000
4.829000000000
4.728000000000
4.715000000000
4.739000000000
4.804000000000
4.845000000000
4.780000000000
4.861000000000
4.891000000000
4.842000000000
4.842000000000
4.788000000000
4.842000000000
4.769000000000
4.875000000000
4.818000000000
4.839000000000
4.793000000000
4.812000000000
4.747000000000
4.761000000000
4.804000000000
4.807000000000
4.896000000000
4.723000000000
4.791000000000
4.807000000000
4.831000000000
4.831000000000
4.744000000000
4.774000000000
4.902000000000
4.864000000000
4.902000000000
4.872000000000
4.867000000000
4.853000000000
4.777000000000
4.839000000000
4.880000000000
4.875000000000
4.818000000000
4.785000000000
4.826000000000
4.823000000000
4.829000000000
4.932000000000
4.826000000000
4.823000000000
4.848000000000
4.829000000000
4.837000000000
4.845000000000
4.894000000000
4.823000000000
4.823000000000
4.772000000000
4.793000000000
4.875000000000
4.910000000000
4.880000000000
4.856000000000
4.839000000000
4.877000000000
4.834000000000
4.869000000000
4.864000000000
4.867000000000
4.880000000000
4.853000000000
4.839000000000
4.896000000000
4.839000000000
4.845000000000
4.793000000000
4.818000000000
4.845000000000
4.837000000000
4.782000000000
4.864000000000
4.826000000000
4.818000000000
4.899000000000
4.861000000000
4.913000000000
4.725000000000
4.858000000000
4.818000000000
4.744000000000
4.804000000000
4.869000000000
4.853000000000
4.880000000000
4.815000000000
4.777000000000
4.815000000000
4.891000000000
4.801000000000
4.823000000000
4.818000000000
4.725000000000
4.823000000000
4.801000000000
4.766000000000
4.853000000000
4.918000000000
4.820000000000
4.731000000000
4.725000000000
4.839000000000
4.799000000000
4.829000000000
4.801000000000
4.867000000000
4.864000000000
4.818000000000
4.769000000000
4.864000000000
4.796000000000
4.848000000000
4.875000000000
4.807000000000
4.926000000000
4.758000000000
4.886000000000
4.886000000000
4.845000000000
4.831000000000
4.810000000000
4.864000000000
4.877000000000
4.929000000000
4.839000000000
4.858000000000
4.858000000000
4.788000000000
4.888000000000
4.747000000000
4.731000000000
4.910000000000
4.867000000000
4.818000000000
4.864000000000
4.834000000000
4.796000000000
4.848000000000
4.856000000000
4.820000000000
4.924000000000
4.839000000000
4.864000000000
4.753000000000
4.812000000000
4.891000000000
4.905000000000
4.761000000000
4.818000000000
4.839000000000
4.801000000000
4.948000000000
4.856000000000
4.918000000000
4.826000000000
4.731000000000
4.796000000000
4.777000000000
4.810000000000
4.850000000000
4.804000000000
4.812000000000
4.845000000000
4.907000000000
4.812000000000
4.834000000000
4.896000000000
4.818000000000
4.848000000000
4.812000000000
4.744000000000
4.845000000000
4.782000000000
4.804000000000
4.839000000000
4.858000000000
4.864000000000
4.801000000000
4.839000000000
4.815000000000
4.829000000000
4.894000000000
4.886000000000
4.845000000000
4.886000000000
4.839000000000
4.799000000000
4.894000000000
4.750000000000
4.842000000000
4.750000000000
4.815000000000
4.755000000000
4.858000000000
4.875000000000
4.853000000000
4.858000000000
4.788000000000
4.823000000000
4.880000000000
4.804000000000
4.818000000000
4.850000000000
4.848000000000
4.772000000000
4.850000000000
4.831000000000
4.839000000000
4.858000000000
4.891000000000
4.758000000000
4.823000000000
4.853000000000
4.831000000000
4.861000000000
4.709000000000
4.820000000000
4.747000000000
4.842000000000
4.823000000000
4.894000000000
4.907000000000
4.915000000000
4.902000000000
4.820000000000
4.845000000000
4.850000000000
4.856000000000
4.810000000000
4.867000000000
4.934000000000
4.837000000000
4.845000000000
4.848000000000
4.842000000000
4.796000000000
4.801000000000
4.810000000000
4.850000000000
4.763000000000
4.886000000000
4.815000000000
4.831000000000
4.820000000000
4.877000000000
4.915000000000
4.891000000000
4.829000000000
4.818000000000
4.818000000000
4.880000000000
4.801000000000
4.772000000000
4.961000000000
4.877000000000
4.823000000000
4.880000000000
4.837000000000
4.804000000000
4.810000000000
4.801000000000
4.858000000000
4.712000000000
4.858000000000
4.750000000000
4.812000000000
4.807000000000
4.886000000000
4.804000000000
4.788000000000
4.774000000000
4.875000000000
4.793000000000
4.712000000000
4.774000000000
4.791000000000
4.799000000000
4.842000000000
4.826000000000
4.799000000000
4.877000000000
4.867000000000
4.834000000000
4.750000000000
4.848000000000
4.820000000000
4.839000000000
4.823000000000
4.867000000000
4.801000000000
4.845000000000
4.812000000000
4.842000000000
4.877000000000
4.807000000000
4.899000000000
4.826000000000
4.850000000000
4.864000000000
4.880000000000
4.785000000000
4.896000000000
4.842000000000
4.837000000000
4.869000000000
4.888000000000
4.791000000000
4.910000000000
4.867000000000
4.850000000000
4.826000000000
4.826000000000
4.842000000000
4.799000000000
4.823000000000
4.845000000000
4.867000000000
4.853000000000
4.845000000000
4.829000000000
4.886000000000
4.761000000000
4.829000000000
4.850000000000
4.818000000000
4.864000000000
4.804000000000
4.837000000000
4.848000000000
4.850000000000
4.845000000000
4.845000000000
4.869000000000
4.891000000000
4.858000000000
4.839000000000
4.848000000000
4.717000000000
4.807000000000
4.856000000000
4.891000000000
4.788000000000
4.742000000000
4.826000000000
4.807000000000
4.905000000000
4.864000000000
4.837000000000
4.839000000000
4.896000000000
4.785000000000
4.823000000000
4.820000000000
4.877000000000
4.834000000000
4.875000000000
4.804000000000
4.777000000000
4.896000000000
4.823000000000
4.799000000000
4.807000000000
4.850000000000
4.837000000000
4.853000000000
4.880000000000
4.864000000000
4.853000000000
4.815000000000
4.848000000000
4.826000000000
4.831000000000
4.793000000000
4.842000000000
4.831000000000
4.875000000000
4.829000000000
4.772000000000
4.812000000000
4.812000000000
4.880000000000
4.869000000000
4.829000000000
4.891000000000
4.829000000000
