-2.726000000000
-2.724000000000
-2.729000000000
-2.724000000000
-2.721000000000
-2.729000000000
-2.729000000000
-2.724000000000
-2.732000000000
-2.726000000000
-2.721000000000
-2.724000000000
-2.726000000000
-2.729000000000
-2.734000000000
-2.726000000000
-2.740000000000
-2.726000000000
-2.724000000000
-2.734000000000
-2.737000000000
-2.734000000000
-2.737000000000
-2.740000000000
-2.740000000000
-2.729000000000
-2.734000000000
-2.729000000000
-2.737000000000
-2.748000000000
-2.732000000000
-2.737000000000
-2.734000000000
-2.732000000000
-2.740000000000
-2.729000000000
-2.726000000000
-2.734000000000
-2.729000000000
-2.732000000000
-2.729000000000
-2.732000000000
-2.732000000000
-2.734000000000
-2.721000000000
-2.732000000000
-2.748000000000
-2.724000000000
-2.732000000000
-2.740000000000
-2.732000000000
-2.715000000000
-2.721000000000
-2.715000000000
-2.729000000000
-2.715000000000
-2.724000000000
-2.726000000000
-2.737000000000
-2.715000000000
-2.724000000000
-2.724000000000
-2.729000000000
-2.726000000000
-2.737000000000
-2.726000000000
-2.729000000000
-2.721000000000
-2.737000000000
-2.734000000000
-2.737000000000
-2.713000000000
-2.726000000000
-2.724000000000
-2.732000000000
-2.729000000000
-2.734000000000
-2.715000000000
-2.740000000000
-2.726000000000
-2.732000000000
-2.721000000000
-2.718000000000
-2.737000000000
-2.729000000000
-2.737000000000
-2.718000000000
-2.726000000000
-2.737000000000
-2.724000000000
-2.724000000000
-2.726000000000
-2.726000000000
-2.729000000000
-2.734000000000
-2.732000000000
-2.726000000000
-2.734000000000
-2.743000000000
-2.737000000000
-2.737000000000
-2.732000000000
-2.737000000000
-2.737000000000
-2.734000000000
-2.726000000000
-2.740000000000
-2.729000000000
-2.715000000000
-2.726000000000
-2.732000000000
-2.721000000000
-2.732000000000
-2.737000000000
-2.721000000000
-2.737000000000
-2.737000000000
-2.732000000000
-2.740000000000
-2.726000000000
-2.732000000000
-2.721000000000
-2.732000000000
-2.737000000000
-2.718000000000
-2.743000000000
-2.734000000000
-2.743000000000
-2.745000000000
-2.734000000000
-2.718000000000
-2.737000000000
-2.732000000000
-2.726000000000
-2.726000000000
-2.732000000000
-2.740000000000
-2.724000000000
-2.734000000000
-2.726000000000
-2.737000000000
-2.721000000000
-2.740000000000
-2.729000000000
-2.734000000000
-2.726000000000
-2.740000000000
-2.740000000000
-2.729000000000
-2.726000000000
-2.729000000000
-2.724000000000
-2.729000000000
-2.732000000000
-2.721000000000
-2.729000000000
-2.726000000000
-2.732000000000
-2.726000000000
-2.732000000000
-2.721000000000
-2.721000000000
-2.737000000000
-2.715000000000
-2.721000000000
-2.740000000000
-2.737000000000
-2.732000000000
-2.713000000000
-2.710000000000
-2.724000000000
-2.713000000000
-2.729000000000
-2.737000000000
-2.726000000000
-2.737000000000
-2.745000000000
-2.729000000000
-2.729000000000
-2.732000000000
-2.726000000000
-2.732000000000
-2.724000000000
-2.740000000000
-2.732000000000
-2.726000000000
-2.732000000000
-2.724000000000
-2.732000000000
-2.729000000000
-2.732000000000
-2.721000000000
-2.729000000000
-2.724000000000
-2.726000000000
-2.737000000000
-2.732000000000
-2.721000000000
-2.726000000000
-2.710000000000
-2.718000000000
-2.721000000000
-2.737000000000
-2.726000000000
-2.726000000000
-2.718000000000
-2.718000000000
-2.732000000000
-2.721000000000
-2.726000000000
-2.737000000000
-2.718000000000
-2.721000000000
-2.729000000000
-2.724000000000
-2.732000000000
-2.732000000000
-2.732000000000
-2.726000000000
-2.743000000000
-2.724000000000
-2.724000000000
-2.726000000000
-2.718000000000
-2.729000000000
-2.729000000000
-2.718000000000
-2.729000000000
-2.732000000000
-2.734000000000
-2.724000000000
-2.734000000000
-2.734000000000
-2.726000000000
-2.724000000000
-2.726000000000
-2.732000000000
-2.726000000000
-2.721000000000
-2.734000000000
-2.726000000000
-2.713000000000
-2.726000000000
-2.715000000000
-2.724000000000
-2.718000000000
-2.713000000000
-2.726000000000
-2.721000000000
-2.721000000000
-2.726000000000
-2.726000000000
-2.734000000000
-2.734000000000
-2.734000000000
-2.734000000000
-2.734000000000
-2.732000000000
-2.732000000000
-2.737000000000
-2.737000000000
-2.732000000000
-2.726000000000
-2.732000000000
-2.718000000000
-2.721000000000
-2.734000000000
-2.734000000000
-2.726000000000
-2.721000000000
-2.724000000000
-2.713000000000
-2.710000000000
-2.732000000000
-2.726000000000
-2.721000000000
-2.724000000000
-2.732000000000
-2.715000000000
-2.718000000000
-2.721000000000
-2.721000000000
-2.715000000000
-2.732000000000
-2.729000000000
-2.707000000000
-2.721000000000
-2.734000000000
-2.724000000000
-2.718000000000
-2.718000000000
-2.715000000000
-2.726000000000
-2.734000000000
-2.724000000000
-2.721000000000
-2.732000000000
-2.729000000000
-2.721000000000
-2.718000000000
-2.729000000000
-2.724000000000
-2.724000000000
-2.724000000000
-2.726000000000
-2.713000000000
-2.734000000000
-2.729000000000
-2.724000000000
-2.721000000000
-2.721000000000
-2.713000000000
-2.734000000000
-2.724000000000
-2.713000000000
-2.721000000000
-2.721000000000
-2.715000000000
-2.740000000000
-2.718000000000
-2.724000000000
-2.724000000000
-2.737000000000
