76.839000000000
76.853000000000
76.869000000000
76.847000000000
76.864000000000
76.869000000000
76.826000000000
76.855000000000
76.845000000000
76.850000000000
76.855000000000
76.831000000000
76.834000000000
76.880000000000
76.850000000000
76.855000000000
76.861000000000
76.853000000000
76.861000000000
76.877000000000
76.820000000000
76.858000000000
76.842000000000
76.874000000000
76.866000000000
76.853000000000
76.850000000000
76.872000000000
76.855000000000
76.850000000000
76.842000000000
76.847000000000
76.839000000000
76.823000000000
76.839000000000
76.828000000000
76.888000000000
76.861000000000
76.842000000000
76.864000000000
76.839000000000
76.858000000000
76.864000000000
76.836000000000
76.872000000000
76.839000000000
76.850000000000
76.858000000000
76.866000000000
76.845000000000
76.855000000000
76.847000000000
76.861000000000
76.861000000000
76.809000000000
76.855000000000
76.845000000000
76.866000000000
76.836000000000
76.855000000000
76.834000000000
76.861000000000
76.858000000000
76.855000000000
76.864000000000
76.850000000000
76.893000000000
76.836000000000
76.839000000000
76.853000000000
76.896000000000
76.872000000000
76.826000000000
76.836000000000
76.831000000000
76.855000000000
76.845000000000
76.845000000000
76.850000000000
76.845000000000
76.853000000000
76.861000000000
76.820000000000
76.850000000000
76.831000000000
76.855000000000
76.839000000000
76.850000000000
76.855000000000
76.845000000000
76.855000000000
76.853000000000
76.861000000000
76.855000000000
76.864000000000
76.845000000000
76.828000000000
76.836000000000
76.861000000000
76.864000000000
76.883000000000
76.872000000000
76.826000000000
76.836000000000
76.831000000000
76.826000000000
76.872000000000
76.836000000000
76.866000000000
76.861000000000
76.880000000000
76.842000000000
76.845000000000
76.864000000000
76.864000000000
76.850000000000
76.869000000000
76.853000000000
76.858000000000
76.845000000000
76.831000000000
76.836000000000
76.847000000000
76.880000000000
76.850000000000
76.869000000000
76.858000000000
76.855000000000
76.864000000000
76.872000000000
76.839000000000
76.872000000000
76.855000000000
76.853000000000
76.864000000000
76.869000000000
76.864000000000
76.847000000000
76.858000000000
76.839000000000
76.847000000000
76.880000000000
76.869000000000
76.864000000000
76.858000000000
76.872000000000
76.845000000000
76.834000000000
76.855000000000
76.869000000000
76.850000000000
76.839000000000
76.861000000000
76.834000000000
76.853000000000
76.847000000000
76.820000000000
76.866000000000
76.823000000000
76.872000000000
76.855000000000
76.861000000000
76.855000000000
76.855000000000
76.872000000000
76.855000000000
76.864000000000
76.858000000000
76.872000000000
76.850000000000
76.872000000000
76.847000000000
76.869000000000
76.831000000000
76.853000000000
76.872000000000
76.853000000000
76.836000000000
76.855000000000
76.850000000000
76.828000000000
76.828000000000
76.861000000000
76.869000000000
76.874000000000
76.864000000000
76.858000000000
76.853000000000
76.864000000000
76.845000000000
76.866000000000
76.888000000000
76.836000000000
76.842000000000
76.872000000000
76.845000000000
76.845000000000
76.850000000000
76.855000000000
76.869000000000
76.839000000000
76.885000000000
76.855000000000
76.836000000000
76.883000000000
76.845000000000
76.834000000000
76.847000000000
76.850000000000
76.850000000000
76.888000000000
76.836000000000
76.864000000000
76.847000000000
76.866000000000
76.847000000000
76.847000000000
76.883000000000
76.883000000000
76.872000000000
76.855000000000
76.855000000000
76.850000000000
76.872000000000
76.850000000000
76.845000000000
76.855000000000
76.853000000000
76.861000000000
76.839000000000
76.845000000000
76.883000000000
76.861000000000
76.855000000000
76.845000000000
76.855000000000
76.883000000000
76.855000000000
76.839000000000
76.845000000000
76.864000000000
76.858000000000
76.858000000000
76.823000000000
76.891000000000
76.864000000000
76.855000000000
76.850000000000
76.845000000000
76.834000000000
76.866000000000
76.872000000000
76.872000000000
76.839000000000
76.853000000000
76.850000000000
76.858000000000
76.850000000000
76.855000000000
76.809000000000
76.853000000000
76.855000000000
76.869000000000
76.853000000000
76.885000000000
76.847000000000
76.836000000000
76.855000000000
76.855000000000
76.836000000000
76.853000000000
76.864000000000
76.877000000000
76.836000000000
76.853000000000
76.850000000000
76.872000000000
76.855000000000
76.836000000000
76.877000000000
76.850000000000
76.880000000000
76.858000000000
76.845000000000
76.866000000000
76.864000000000
76.845000000000
76.866000000000
76.866000000000
76.853000000000
76.864000000000
76.845000000000
76.888000000000
76.869000000000
76.847000000000
76.869000000000
76.874000000000
76.864000000000
76.850000000000
76.866000000000
76.861000000000
76.874000000000
76.836000000000
76.858000000000
76.864000000000
76.861000000000
76.820000000000
76.864000000000
76.864000000000
76.823000000000
76.853000000000
76.845000000000
76.861000000000
76.845000000000
76.872000000000
76.874000000000
76.866000000000
76.866000000000
76.880000000000
76.845000000000
76.869000000000
76.861000000000
76.864000000000
76.836000000000
76.883000000000
76.869000000000
76.855000000000
76.872000000000
76.839000000000
76.872000000000
76.874000000000
76.899000000000
76.855000000000
76.855000000000
76.842000000000
76.850000000000
76.831000000000
76.855000000000
76.872000000000
76.847000000000
76.891000000000
76.831000000000
76.847000000000
76.869000000000
76.847000000000
76.877000000000
76.839000000000
76.836000000000
76.855000000000
76.858000000000
76.864000000000
76.872000000000
76.864000000000
76.855000000000
76.855000000000
76.845000000000
76.855000000000
76.855000000000
76.902000000000
76.885000000000
76.861000000000
76.839000000000
76.880000000000
76.880000000000
76.874000000000
76.866000000000
76.866000000000
76.828000000000
76.834000000000
76.872000000000
76.874000000000
76.864000000000
76.883000000000
76.855000000000
76.874000000000
76.820000000000
76.861000000000
76.850000000000
76.869000000000
76.853000000000
76.839000000000
76.861000000000
76.880000000000
76.883000000000
76.883000000000
76.847000000000
76.850000000000
76.845000000000
76.872000000000
76.864000000000
76.864000000000
76.845000000000
76.853000000000
76.845000000000
76.872000000000
76.864000000000
76.885000000000
76.845000000000
76.861000000000
76.896000000000
76.845000000000
76.880000000000
76.864000000000
76.869000000000
76.880000000000
76.845000000000
76.864000000000
76.839000000000
76.872000000000
76.872000000000
76.836000000000
76.853000000000
76.872000000000
76.839000000000
76.861000000000
76.839000000000
76.866000000000
76.855000000000
