90.598000000000
90.576000000000
90.601000000000
90.620000000000
90.592000000000
90.582000000000
90.590000000000
90.590000000000
90.592000000000
90.571000000000
90.579000000000
90.590000000000
90.592000000000
90.606000000000
90.579000000000
90.579000000000
90.587000000000
90.552000000000
90.584000000000
90.601000000000
90.568000000000
90.601000000000
90.582000000000
90.587000000000
90.595000000000
90.590000000000
90.590000000000
90.582000000000
90.603000000000
90.582000000000
90.590000000000
90.606000000000
90.587000000000
90.592000000000
90.603000000000
90.568000000000
90.584000000000
90.571000000000
90.598000000000
90.590000000000
90.587000000000
90.565000000000
90.579000000000
90.595000000000
90.582000000000
90.568000000000
90.584000000000
90.587000000000
90.590000000000
90.576000000000
90.557000000000
90.587000000000
90.595000000000
90.568000000000
90.595000000000
90.587000000000
90.571000000000
90.611000000000
90.576000000000
90.571000000000
90.587000000000
90.592000000000
90.587000000000
90.617000000000
90.595000000000
90.584000000000
90.576000000000
90.576000000000
90.584000000000
90.592000000000
90.584000000000
90.603000000000
90.571000000000
90.576000000000
90.584000000000
90.590000000000
90.582000000000
90.595000000000
90.592000000000
90.595000000000
90.617000000000
90.609000000000
90.576000000000
90.601000000000
90.606000000000
90.584000000000
90.592000000000
90.587000000000
90.582000000000
90.592000000000
90.620000000000
90.592000000000
90.579000000000
90.620000000000
90.587000000000
90.611000000000
90.584000000000
90.601000000000
90.571000000000
90.606000000000
90.601000000000
90.573000000000
90.579000000000
90.590000000000
90.592000000000
90.582000000000
90.609000000000
90.573000000000
90.582000000000
90.592000000000
90.592000000000
90.568000000000
90.601000000000
90.601000000000
90.582000000000
90.579000000000
90.579000000000
90.587000000000
90.601000000000
90.573000000000
90.573000000000
90.560000000000
90.598000000000
90.601000000000
90.560000000000
90.584000000000
90.592000000000
90.579000000000
90.603000000000
90.571000000000
90.609000000000
90.582000000000
90.582000000000
90.582000000000
90.598000000000
90.582000000000
90.601000000000
90.587000000000
90.571000000000
90.584000000000
90.592000000000
90.568000000000
90.609000000000
90.595000000000
90.592000000000
90.576000000000
90.549000000000
90.552000000000
90.601000000000
90.603000000000
90.592000000000
90.603000000000
90.592000000000
90.565000000000
90.617000000000
90.617000000000
90.611000000000
90.603000000000
90.579000000000
90.579000000000
90.592000000000
90.579000000000
90.568000000000
90.582000000000
90.560000000000
90.573000000000
90.584000000000
90.609000000000
90.571000000000
90.592000000000
90.587000000000
90.598000000000
90.584000000000
90.592000000000
90.595000000000
90.617000000000
90.601000000000
90.571000000000
90.592000000000
90.582000000000
90.595000000000
90.584000000000
90.557000000000
90.601000000000
90.595000000000
90.614000000000
90.557000000000
90.565000000000
90.576000000000
90.584000000000
90.625000000000
90.595000000000
90.620000000000
90.598000000000
90.584000000000
90.552000000000
90.584000000000
90.587000000000
90.565000000000
90.573000000000
90.603000000000
90.579000000000
90.560000000000
90.595000000000
90.587000000000
90.603000000000
90.622000000000
90.592000000000
90.601000000000
90.592000000000
90.606000000000
90.584000000000
90.614000000000
90.592000000000
90.603000000000
90.587000000000
90.620000000000
90.587000000000
90.603000000000
90.579000000000
90.571000000000
90.576000000000
90.590000000000
90.590000000000
90.592000000000
90.592000000000
90.590000000000
90.633000000000
90.603000000000
90.579000000000
90.601000000000
90.576000000000
90.598000000000
90.576000000000
90.587000000000
90.598000000000
90.576000000000
90.560000000000
90.568000000000
90.603000000000
90.609000000000
90.584000000000
90.592000000000
90.576000000000
90.595000000000
90.614000000000
90.552000000000
90.592000000000
90.598000000000
90.571000000000
90.590000000000
90.606000000000
90.584000000000
90.606000000000
90.592000000000
90.617000000000
90.579000000000
90.576000000000
90.592000000000
90.601000000000
90.601000000000
90.592000000000
90.617000000000
90.603000000000
90.571000000000
90.568000000000
90.565000000000
90.609000000000
90.584000000000
90.584000000000
90.571000000000
90.601000000000
90.571000000000
90.579000000000
90.595000000000
90.620000000000
90.617000000000
90.592000000000
90.579000000000
90.576000000000
90.622000000000
90.587000000000
90.614000000000
90.587000000000
90.601000000000
90.609000000000
90.606000000000
90.587000000000
90.603000000000
90.611000000000
90.582000000000
90.595000000000
90.609000000000
90.584000000000
90.576000000000
90.590000000000
90.606000000000
90.584000000000
90.592000000000
90.617000000000
90.595000000000
90.587000000000
90.620000000000
90.582000000000
90.573000000000
90.579000000000
90.579000000000
90.579000000000
90.590000000000
90.603000000000
90.584000000000
90.601000000000
90.582000000000
90.590000000000
90.603000000000
90.592000000000
90.592000000000
90.565000000000
90.573000000000
90.606000000000
90.611000000000
90.587000000000
90.590000000000
90.601000000000
90.601000000000
90.576000000000
90.595000000000
90.601000000000
90.565000000000
90.576000000000
90.620000000000
90.584000000000
90.571000000000
90.592000000000
90.601000000000
90.601000000000
90.595000000000
90.576000000000
90.601000000000
90.571000000000
90.584000000000
90.601000000000
90.587000000000
90.609000000000
90.598000000000
90.606000000000
90.620000000000
90.614000000000
90.601000000000
90.584000000000
90.620000000000
90.622000000000
90.606000000000
90.590000000000
90.587000000000
90.584000000000
90.617000000000
90.606000000000
90.579000000000
90.584000000000
90.573000000000
90.587000000000
90.587000000000
90.579000000000
90.622000000000
90.611000000000
90.587000000000
90.587000000000
90.587000000000
90.584000000000
90.587000000000
90.606000000000
90.592000000000
90.557000000000
90.595000000000
90.603000000000
90.603000000000
90.611000000000
90.573000000000
90.614000000000
90.606000000000
90.598000000000
90.579000000000
90.584000000000
90.609000000000
90.582000000000
90.598000000000
90.584000000000
90.595000000000
90.601000000000
90.598000000000
90.601000000000
90.611000000000
90.584000000000
90.614000000000
90.552000000000
90.625000000000
90.571000000000
90.611000000000
90.584000000000
90.620000000000
90.598000000000
90.606000000000
90.595000000000
90.606000000000
90.620000000000
90.622000000000
90.584000000000
90.601000000000
90.611000000000
90.598000000000
90.595000000000
90.573000000000
90.587000000000
90.609000000000
90.579000000000
90.598000000000
90.620000000000
90.579000000000
90.609000000000
90.573000000000
90.598000000000
90.598000000000
90.576000000000
90.606000000000
90.606000000000
90.614000000000
90.584000000000
90.636000000000
90.606000000000
90.592000000000
90.587000000000
90.590000000000
90.576000000000
90.587000000000
90.614000000000
90.584000000000
90.563000000000
90.598000000000
90.587000000000
90.582000000000
90.592000000000
90.606000000000
90.598000000000
90.587000000000
90.598000000000
90.606000000000
90.573000000000
90.606000000000
90.606000000000
90.606000000000
90.587000000000
90.587000000000
90.584000000000
90.611000000000
90.614000000000
90.592000000000
90.590000000000
90.611000000000
90.617000000000
90.579000000000
90.587000000000
90.590000000000
90.571000000000
90.620000000000
90.614000000000
90.620000000000
90.641000000000
90.584000000000
90.584000000000
90.598000000000
90.606000000000
90.571000000000
90.614000000000
90.611000000000
90.617000000000
90.587000000000
90.573000000000
90.601000000000
90.609000000000
90.606000000000
90.576000000000
90.595000000000
90.576000000000
90.579000000000
90.601000000000
90.609000000000
90.609000000000
90.590000000000
90.611000000000
90.582000000000
90.592000000000
90.587000000000
90.590000000000
90.601000000000
90.590000000000
90.595000000000
90.595000000000
90.584000000000
90.611000000000
90.617000000000
90.601000000000
90.587000000000
90.576000000000
90.606000000000
90.590000000000
90.633000000000
90.549000000000
90.582000000000
90.590000000000
90.579000000000
90.595000000000
90.598000000000
