-0.336
-0.361
-0.347
-0.315
-0.382
-0.423
-0.334
-0.361
-0.293
-0.363
-0.363
-0.288
-0.293
-0.301
-0.336
-0.382
-0.331
-0.372
-0.377
-0.32
-0.35
-0.35
-0.374
-0.336
-0.296
-0.339
-0.361
-0.339
-0.342
-0.369
-0.366
-0.315
-0.29
-0.361
-0.407
-0.309
-0.326
-0.339
-0.361
-0.388
-0.407
-0.317
-0.342
-0.345
-0.258
-0.345
-0.374
-0.363
-0.374
-0.315
-0.301
-0.41
-0.358
-0.363
-0.423
-0.377
-0.247
-0.244
-0.307
-0.358
-0.347
-0.404
-0.353
-0.285
-0.331
-0.369
-0.315
-0.355
-0.374
-0.336
-0.331
-0.38
-0.415
-0.418
-0.377
-0.29
-0.331
-0.323
-0.38
-0.345
-0.418
-0.355
-0.296
-0.29
-0.35
-0.35
-0.326
-0.355
-0.377
-0.407
-0.328
-0.336
-0.307
-0.323
-0.326
-0.412
-0.345
-0.293
-0.296
-0.347
-0.342
-0.396
-0.358
-0.418
-0.366
-0.293
-0.355
-0.369
-0.382
-0.328
-0.393
-0.339
-0.347
-0.326
-0.361
-0.347
-0.331
-0.288
-0.396
-0.347
-0.358
-0.331
-0.347
-0.288
-0.277
-0.336
-0.334
-0.377
-0.369
-0.355
-0.309
-0.342
-0.331
-0.353
-0.358
-0.415
-0.35
-0.309
-0.35
-0.317
-0.334
-0.334
-0.353
-0.32
-0.35
-0.326
-0.385
-0.32
-0.336
-0.415
-0.369
-0.309
-0.35
-0.317
-0.382
-0.361
-0.334
-0.328
-0.401
-0.339
-0.382
-0.372
-0.382
-0.345
-0.307
-0.347
-0.393
-0.366
-0.363
-0.312
-0.339
-0.377
-0.336
-0.326
-0.29
-0.331
-0.35
-0.374
-0.35
-0.331
-0.326
-0.293
-0.35
-0.293
-0.317
-0.361
-0.415
-0.358
-0.32
-0.382
-0.342
-0.331
-0.312
-0.331
-0.32
-0.342
-0.323
-0.353
-0.279
-0.293
-0.369
-0.369
-0.374
-0.369
-0.366
-0.372
-0.391
-0.323
-0.358
-0.372
-0.345
-0.304
-0.317
-0.326
-0.339
-0.369
-0.399
-0.363
-0.388
-0.35
-0.326
-0.366
-0.355
-0.355
-0.361
-0.353
-0.336
-0.288
-0.285
-0.323
-0.353
-0.345
-0.407
-0.391
-0.363
-0.358
-0.293
-0.312
-0.377
-0.372
-0.418
-0.369
-0.361
-0.377
-0.361
-0.301
-0.334
-0.312
-0.366
-0.366
-0.38
-0.372
-0.431
-0.355
-0.399
-0.269
-0.301
-0.277
-0.339
-0.412
-0.38
-0.345
-0.277
-0.309
-0.345
-0.358
-0.353
-0.374
-0.347
-0.38
-0.336
-0.393
-0.393
-0.331
-0.355
-0.298
-0.304
-0.315
-0.323
-0.399
-0.393
-0.382
-0.369
-0.323
-0.345
-0.355
-0.35
-0.336
-0.309
-0.331
-0.353
-0.385
-0.328
-0.382
-0.369
-0.372
-0.342
-0.288
-0.342
-0.328
-0.315
-0.374
-0.331
-0.293
-0.382
-0.353
-0.399
-0.328
-0.323
-0.361
-0.326
-0.347
-0.331
-0.363
-0.336
-0.377
-0.342
-0.345
-0.336
-0.315
-0.298
-0.266
-0.342
-0.363
-0.385
-0.42
-0.42
-0.382
-0.339
-0.355
-0.35
-0.345
-0.355
-0.347
-0.317
-0.334
-0.32
-0.347
-0.347
-0.361
-0.326
-0.307
-0.361
-0.382
-0.35
-0.385
-0.339
-0.426
-0.393
-0.35
-0.331
-0.35
-0.363
-0.29
-0.377
-0.323
-0.347
-0.372
-0.334
-0.363
-0.369
-0.296
-0.277
-0.353
-0.345
-0.326
-0.404
-0.361
-0.391
-0.361
-0.377
-0.382
-0.301
-0.317
-0.298
-0.282
-0.347
-0.342
-0.434
-0.431
-0.336
-0.361
-0.315
-0.363
-0.358
-0.38
-0.369
-0.372
-0.317
-0.296
-0.334
-0.382
-0.353
-0.358
-0.293
-0.315
-0.342
-0.353
-0.326
-0.336
-0.363
-0.301
-0.277
-0.339
-0.412
-0.429
-0.415
-0.347
-0.296
-0.38
-0.391
-0.385
-0.35
-0.307
-0.309
-0.334
-0.307
-0.377
-0.369
-0.312
-0.358
-0.393
-0.391
-0.369
-0.328
-0.315
-0.363
-0.339
-0.282
-0.369
-0.412
-0.334
-0.334
-0.391
-0.342
-0.296
-0.391
-0.317
-0.38
-0.345
-0.29
-0.29
-0.347
-0.385
-0.45
-0.309
-0.317
-0.339
-0.277
-0.363
-0.393
-0.377
-0.35
-0.361
-0.32
-0.323
-0.35
-0.369
-0.345
-0.361
-0.326
-0.355
-0.369
-0.323
-0.328
-0.323
-0.336
-0.415
-0.372
-0.342
-0.347
-0.361
-0.42
-0.358
-0.334
-0.347
-0.363
-0.347
-0.334
-0.309
-0.372
-0.307
-0.369
-0.366
-0.388
-0.374
-0.326
-0.363
-0.353
-0.372
-0.355
-0.339
-0.312
-0.339
-0.407
-0.439
-0.393
-0.334
-0.317
-0.296
-0.315
-0.431
-0.369
-0.355
-0.342
-0.355
-0.312
-0.382
-0.396
-0.41
-0.42
-0.336
-0.342
-0.377
-0.377
-0.366
-0.353
-0.339
-0.382
-0.448
-0.374
-0.312
-0.315
-0.347
-0.342
-0.391
-0.317
-0.347
-0.331
-0.331
-0.339
-0.331
-0.372
-0.41
-0.355
-0.298
-0.358
-0.363
-0.361
-0.298
-0.323
-0.38
-0.336
-0.277
-0.339
-0.363
-0.407
-0.342
-0.355
-0.38
-0.391
-0.374
-0.309
-0.363
-0.353
-0.342
-0.277
-0.326
-0.339
-0.41
-0.374
-0.396
-0.334
-0.35
-0.331
-0.345
-0.393
-0.345
-0.323
-0.347
-0.412
-0.393
-0.382
-0.353
-0.347
-0.315
-0.317
-0.334
-0.38
-0.361
-0.38
-0.334
-0.345
-0.366
-0.393
-0.374
-0.388
-0.328
-0.361
-0.323
-0.326
-0.328
-0.366
-0.345
-0.374
-0.42
-0.388
-0.323
-0.323
-0.323
-0.334
-0.334
-0.361
-0.326
-0.385
-0.366
-0.38
-0.317
-0.358
-0.374
-0.396
-0.29
-0.307
-0.323
-0.309
-0.38
-0.385
-0.38
-0.323
-0.339
-0.342
-0.342
-0.301
-0.377
-0.361
-0.358
-0.393
-0.385
-0.355
-0.369
-0.361
-0.342
-0.407
-0.336
-0.328
-0.347
-0.353
-0.35
-0.353
-0.355
-0.372
-0.323
-0.345
-0.326
-0.372
-0.385
-0.453
-0.312
-0.345
-0.312
-0.393
-0.374
-0.347
-0.315
-0.382
-0.377
-0.336
-0.377
-0.366
-0.353
-0.342
-0.29
-0.358
-0.326
-0.363
-0.41
-0.315
-0.298
-0.331
-0.38
-0.439
-0.415
-0.404
-0.307
-0.353
-0.366
-0.361
-0.361
-0.374
-0.35
-0.35
-0.355
-0.38
-0.399
-0.363
-0.388
-0.328
-0.35
-0.399
-0.388
-0.353
-0.304
-0.372
-0.353
-0.35
-0.41
-0.309
-0.35
-0.323
-0.334
-0.361
-0.307
-0.331
-0.391
-0.385
-0.388
-0.42
-0.396
-0.35
-0.32
-0.288
-0.307
-0.331
-0.331
-0.374
-0.399
-0.374
-0.312
-0.331
-0.271
-0.331
-0.396
-0.369
-0.38
-0.388
-0.385
-0.358
-0.391
-0.32
-0.285
-0.317
-0.328
-0.301
-0.366
-0.309
-0.339
-0.372
-0.353
-0.366
-0.385
-0.41
-0.382
-0.361
-0.391
-0.269
-0.285
-0.271
-0.372
-0.423
-0.388
-0.32
-0.293
-0.336
-0.415
-0.35
-0.355
-0.363
-0.353
-0.32
-0.309
-0.393
-0.317
-0.345
-0.385
-0.41
-0.372
-0.323
-0.304
-0.304
-0.347
-0.377
-0.358
-0.342
-0.38
-0.358
-0.342
-0.377
-0.347
-0.374
-0.355
-0.393
-0.388
-0.312
-0.366
-0.336
-0.301
-0.29
-0.288
-0.35
-0.38
-0.317
-0.323
-0.369
-0.334
-0.401
-0.439
-0.35
-0.288
-0.382
-0.374
-0.345
-0.304
-0.293
-0.345
-0.361
-0.377
-0.434
-0.342
-0.35
-0.377
-0.331
-0.374
-0.393
-0.41
-0.328
-0.288
-0.323
-0.336
-0.296
-0.345
-0.399
-0.312
-0.304
-0.404
-0.369
-0.353
-0.404
-0.393
-0.345
-0.32
-0.331
-0.328
-0.382
-0.345
-0.326
-0.35
-0.353
-0.342
-0.374
-0.396
-0.407
-0.328
-0.331
-0.363
-0.334
-0.336
-0.32
-0.32
-0.345
-0.323
-0.288
-0.35
-0.377
-0.38
-0.377
-0.372
-0.326
-0.412
-0.391
-0.35
-0.345
-0.361
-0.366
-0.345
-0.399
-0.423
-0.339
-0.301
-0.334
-0.334
-0.347
-0.374
-0.388
-0.309
-0.374
-0.328
-0.301
-0.309
-0.345
-0.353
-0.353
-0.342
-0.35
-0.336
-0.296
-0.298
-0.326
-0.347
-0.358
-0.331
-0.331
-0.382
-0.355
-0.345
-0.401
-0.32
-0.363
-0.35
-0.361
-0.355
-0.38
-0.334
-0.347
-0.331
-0.331
-0.342
-0.372
-0.369
-0.38
-0.401
-0.323
-0.355
-0.353
-0.339
-0.312
-0.331
-0.336
-0.298
-0.374
-0.41
-0.38
-0.315
-0.342
-0.355
-0.342
-0.328
-0.26
-0.279
-0.336
-0.42
-0.437
-0.372
-0.298
-0.271
-0.326
-0.345
-0.374
-0.32
-0.315
-0.363
-0.374
-0.363
-0.401
-0.377
-0.353
-0.363
-0.399
-0.363
-0.431
-0.391
-0.382
-0.342
-0.334
-0.355
-0.301
-0.342
-0.304
-0.382
-0.396
-0.363
-0.347
-0.382
-0.331
-0.336
-0.304
-0.331
-0.345
-0.355
-0.361
-0.431
-0.407
-0.385
-0.323
-0.328
-0.32
-0.336
-0.339
-0.372
-0.298
-0.315
-0.393
-0.363
-0.396
-0.363
-0.32
-0.339
-0.355
-0.334
-0.407
-0.347
-0.334
-0.35
-0.363
-0.345
-0.336
-0.363
-0.374
-0.361
-0.331
-0.331
-0.309
-0.317
-0.372