-2.580000000000
-2.585000000000
-2.585000000000
-2.588000000000
-2.574000000000
-2.596000000000
-2.585000000000
-2.596000000000
-2.588000000000
-2.582000000000
-2.577000000000
-2.582000000000
-2.591000000000
-2.588000000000
-2.580000000000
-2.591000000000
-2.588000000000
-2.585000000000
-2.601000000000
-2.596000000000
-2.596000000000
-2.591000000000
-2.591000000000
-2.604000000000
-2.601000000000
-2.607000000000
-2.596000000000
-2.615000000000
-2.599000000000
-2.620000000000
-2.601000000000
-2.626000000000
-2.604000000000
-2.620000000000
-2.599000000000
-2.607000000000
-2.612000000000
-2.610000000000
-2.607000000000
-2.607000000000
-2.612000000000
-2.596000000000
-2.607000000000
-2.612000000000
-2.612000000000
-2.604000000000
-2.593000000000
-2.591000000000
-2.601000000000
-2.593000000000
-2.593000000000
-2.591000000000
-2.596000000000
-2.591000000000
-2.599000000000
-2.593000000000
-2.582000000000
-2.607000000000
-2.604000000000
-2.601000000000
-2.588000000000
-2.599000000000
-2.610000000000
-2.615000000000
-2.601000000000
-2.593000000000
-2.599000000000
-2.591000000000
-2.610000000000
-2.585000000000
-2.599000000000
-2.615000000000
-2.593000000000
-2.604000000000
-2.599000000000
-2.591000000000
-2.585000000000
-2.596000000000
-2.591000000000
-2.604000000000
-2.591000000000
-2.596000000000
-2.572000000000
-2.596000000000
-2.591000000000
-2.601000000000
-2.601000000000
-2.591000000000
-2.593000000000
-2.588000000000
-2.582000000000
-2.588000000000
-2.582000000000
-2.585000000000
-2.585000000000
-2.601000000000
-2.593000000000
-2.588000000000
-2.593000000000
-2.588000000000
-2.588000000000
-2.582000000000
-2.591000000000
-2.585000000000
-2.585000000000
-2.599000000000
-2.582000000000
-2.588000000000
-2.585000000000
-2.591000000000
-2.588000000000
-2.591000000000
-2.596000000000
-2.582000000000
-2.585000000000
-2.588000000000
-2.593000000000
-2.574000000000
-2.577000000000
-2.596000000000
-2.585000000000
-2.580000000000
-2.588000000000
-2.588000000000
-2.588000000000
-2.596000000000
-2.596000000000
-2.599000000000
-2.588000000000
-2.591000000000
-2.599000000000
-2.596000000000
-2.588000000000
-2.599000000000
-2.596000000000
-2.585000000000
-2.580000000000
-2.588000000000
-2.582000000000
-2.593000000000
-2.596000000000
-2.593000000000
-2.580000000000
-2.599000000000
-2.599000000000
-2.599000000000
-2.580000000000
-2.588000000000
-2.593000000000
-2.580000000000
-2.585000000000
-2.599000000000
-2.588000000000
-2.588000000000
-2.596000000000
-2.591000000000
-2.580000000000
-2.588000000000
-2.591000000000
-2.599000000000
-2.596000000000
-2.577000000000
-2.582000000000
-2.580000000000
-2.591000000000
-2.591000000000
-2.607000000000
-2.604000000000
-2.574000000000
-2.585000000000
-2.599000000000
-2.588000000000
-2.588000000000
-2.580000000000
-2.580000000000
-2.593000000000
-2.601000000000
-2.582000000000
-2.593000000000
-2.585000000000
-2.580000000000
-2.599000000000
-2.599000000000
-2.599000000000
-2.588000000000
-2.599000000000
-2.593000000000
-2.601000000000
-2.599000000000
-2.596000000000
-2.604000000000
-2.593000000000
-2.588000000000
-2.574000000000
-2.591000000000
-2.582000000000
-2.580000000000
-2.599000000000
-2.588000000000
-2.593000000000
-2.601000000000
-2.582000000000
-2.591000000000
-2.599000000000
-2.588000000000
-2.591000000000
-2.599000000000
-2.585000000000
-2.593000000000
-2.601000000000
-2.585000000000
-2.593000000000
-2.588000000000
-2.593000000000
-2.588000000000
-2.591000000000
-2.601000000000
-2.596000000000
-2.588000000000
-2.596000000000
-2.580000000000
-2.593000000000
-2.588000000000
-2.588000000000
-2.591000000000
-2.577000000000
-2.588000000000
-2.588000000000
-2.591000000000
-2.588000000000
-2.601000000000
-2.588000000000
-2.596000000000
-2.591000000000
-2.596000000000
-2.596000000000
-2.601000000000
-2.599000000000
-2.588000000000
-2.580000000000
-2.604000000000
-2.588000000000
-2.588000000000
-2.591000000000
-2.588000000000
-2.604000000000
-2.596000000000
-2.604000000000
-2.588000000000
-2.593000000000
-2.599000000000
-2.604000000000
-2.588000000000
-2.588000000000
-2.591000000000
-2.591000000000
-2.596000000000
-2.591000000000
-2.599000000000
-2.599000000000
-2.585000000000
-2.596000000000
-2.588000000000
-2.591000000000
-2.599000000000
-2.591000000000
-2.593000000000
-2.593000000000
-2.588000000000
-2.596000000000
-2.596000000000
-2.596000000000
-2.574000000000
-2.585000000000
-2.580000000000
-2.591000000000
-2.599000000000
-2.580000000000
-2.591000000000
-2.580000000000
-2.585000000000
-2.588000000000
-2.599000000000
-2.588000000000
-2.580000000000
-2.580000000000
-2.596000000000
-2.591000000000
-2.596000000000
-2.607000000000
-2.610000000000
-2.582000000000
-2.591000000000
-2.604000000000
-2.582000000000
-2.582000000000
-2.596000000000
-2.591000000000
-2.607000000000
-2.607000000000
-2.604000000000
-2.596000000000
-2.599000000000
-2.577000000000
-2.593000000000
-2.588000000000
-2.607000000000
-2.599000000000
-2.593000000000
-2.599000000000
-2.596000000000
-2.604000000000
-2.593000000000
-2.599000000000
-2.596000000000
-2.596000000000
-2.604000000000
-2.604000000000
-2.588000000000
-2.588000000000
-2.615000000000
-2.585000000000
-2.604000000000
-2.591000000000
-2.604000000000
-2.607000000000
-2.599000000000
-2.588000000000
-2.599000000000
-2.612000000000
-2.601000000000
-2.607000000000
-2.607000000000
-2.599000000000
-2.612000000000
-2.607000000000
-2.610000000000
-2.612000000000
-2.610000000000
-2.582000000000
-2.599000000000
-2.599000000000
-2.604000000000
-2.599000000000
-2.607000000000
-2.610000000000
-2.610000000000
-2.610000000000
-2.591000000000
-2.601000000000
-2.582000000000
-2.607000000000
-2.591000000000
-2.593000000000
-2.599000000000
-2.610000000000
-2.604000000000
-2.588000000000
-2.599000000000
-2.601000000000
-2.604000000000
-2.593000000000
-2.607000000000
-2.588000000000
-2.596000000000
-2.596000000000
-2.591000000000
-2.596000000000
-2.599000000000
-2.601000000000
-2.599000000000
-2.612000000000
-2.599000000000
-2.596000000000
-2.591000000000
-2.599000000000
-2.599000000000
-2.580000000000
-2.596000000000
-2.593000000000
-2.580000000000
-2.591000000000
-2.588000000000
-2.596000000000
-2.599000000000
-2.593000000000
-2.604000000000
-2.596000000000
-2.599000000000
-2.591000000000
-2.588000000000
-2.599000000000
-2.610000000000
-2.604000000000
-2.591000000000
-2.612000000000
-2.582000000000
-2.604000000000
-2.599000000000
-2.599000000000
-2.604000000000
-2.596000000000
-2.591000000000
-2.591000000000
-2.601000000000
-2.601000000000
-2.593000000000
-2.596000000000
-2.596000000000
-2.596000000000
-2.601000000000
-2.601000000000
-2.591000000000
-2.601000000000
-2.599000000000
-2.588000000000
-2.593000000000
-2.604000000000
-2.599000000000
-2.588000000000
-2.607000000000
-2.599000000000
-2.604000000000
-2.599000000000
-2.577000000000
-2.604000000000
-2.596000000000
-2.591000000000
-2.607000000000
-2.591000000000
-2.599000000000
-2.596000000000
-2.604000000000
-2.601000000000
-2.599000000000
-2.599000000000
-2.593000000000
-2.596000000000
-2.604000000000
-2.591000000000
-2.596000000000
-2.596000000000
-2.607000000000
-2.604000000000
-2.607000000000
-2.582000000000
-2.612000000000
-2.599000000000
-2.604000000000
-2.591000000000
-2.588000000000
-2.610000000000
-2.591000000000
-2.599000000000
-2.582000000000
-2.596000000000
-2.599000000000
-2.596000000000
-2.599000000000
-2.588000000000
-2.593000000000
-2.588000000000
-2.612000000000
-2.601000000000
-2.599000000000
-2.607000000000
-2.591000000000
-2.604000000000
-2.593000000000
-2.599000000000
-2.599000000000
-2.593000000000
-2.599000000000
-2.599000000000
-2.601000000000
-2.607000000000
-2.588000000000
-2.599000000000
-2.593000000000
-2.596000000000
-2.601000000000
-2.607000000000
-2.601000000000
-2.610000000000
-2.593000000000
-2.601000000000
-2.596000000000
-2.615000000000
-2.585000000000
-2.601000000000
-2.607000000000
-2.599000000000
-2.591000000000
-2.607000000000
-2.596000000000
-2.604000000000
-2.599000000000
-2.591000000000
-2.591000000000
-2.585000000000
-2.591000000000
-2.588000000000
-2.591000000000
-2.588000000000
-2.577000000000
-2.612000000000
-2.596000000000
-2.591000000000
-2.588000000000
-2.604000000000
-2.596000000000
-2.596000000000
-2.596000000000
-2.588000000000
-2.599000000000
-2.596000000000
-2.601000000000
-2.593000000000
-2.588000000000
-2.601000000000
-2.591000000000
-2.593000000000
-2.593000000000
-2.580000000000
-2.588000000000
-2.582000000000
-2.591000000000
-2.585000000000
-2.596000000000
-2.582000000000
-2.585000000000
-2.593000000000
-2.580000000000
-2.585000000000
-2.591000000000
-2.588000000000
-2.588000000000
-2.588000000000
-2.577000000000
-2.580000000000
-2.588000000000
-2.596000000000
-2.580000000000
-2.593000000000
-2.588000000000
-2.577000000000
-2.588000000000
-2.582000000000
-2.574000000000
-2.588000000000
-2.585000000000
-2.588000000000
-2.577000000000
-2.593000000000
-2.593000000000
-2.588000000000
-2.591000000000
-2.596000000000
-2.585000000000
-2.580000000000
-2.588000000000
-2.588000000000
-2.577000000000
-2.580000000000
-2.582000000000
-2.601000000000
-2.604000000000
-2.577000000000
-2.574000000000
-2.596000000000
-2.593000000000
-2.591000000000
-2.591000000000
-2.577000000000
-2.588000000000
-2.588000000000
-2.593000000000
-2.588000000000
