79.994000000000
79.980000000000
80.005000000000
80.008000000000
79.986000000000
79.989000000000
79.997000000000
79.972000000000
79.989000000000
79.980000000000
79.975000000000
79.989000000000
79.983000000000
80.010000000000
79.997000000000
79.983000000000
79.975000000000
79.980000000000
79.978000000000
79.986000000000
80.010000000000
79.989000000000
80.002000000000
79.989000000000
79.980000000000
79.972000000000
80.008000000000
79.994000000000
79.978000000000
79.986000000000
79.975000000000
80.002000000000
80.013000000000
79.986000000000
80.008000000000
79.980000000000
79.980000000000
79.991000000000
79.999000000000
79.967000000000
80.002000000000
79.983000000000
80.002000000000
79.989000000000
79.999000000000
79.972000000000
79.980000000000
79.986000000000
79.989000000000
79.989000000000
79.997000000000
79.983000000000
79.975000000000
79.967000000000
79.975000000000
79.986000000000
79.975000000000
79.983000000000
79.980000000000
79.964000000000
79.961000000000
79.953000000000
79.975000000000
80.008000000000
79.980000000000
80.005000000000
79.961000000000
79.967000000000
79.980000000000
79.972000000000
79.967000000000
79.997000000000
79.986000000000
79.989000000000
79.983000000000
79.980000000000
79.964000000000
79.980000000000
79.986000000000
79.986000000000
79.980000000000
79.980000000000
79.964000000000
79.989000000000
79.961000000000
79.991000000000
79.997000000000
79.989000000000
79.980000000000
80.013000000000
80.002000000000
80.008000000000
80.005000000000
79.980000000000
80.018000000000
79.991000000000
79.991000000000
80.021000000000
79.991000000000
79.980000000000
79.994000000000
79.972000000000
79.989000000000
79.972000000000
79.964000000000
79.997000000000
80.005000000000
79.972000000000
79.997000000000
79.997000000000
79.970000000000
79.978000000000
79.980000000000
79.997000000000
79.975000000000
79.991000000000
79.978000000000
79.983000000000
79.997000000000
79.989000000000
79.975000000000
79.983000000000
79.997000000000
79.986000000000
79.991000000000
79.997000000000
79.997000000000
79.972000000000
79.997000000000
79.986000000000
79.999000000000
79.997000000000
80.016000000000
79.989000000000
79.970000000000
79.986000000000
79.997000000000
79.999000000000
79.983000000000
79.989000000000
79.989000000000
79.999000000000
79.961000000000
79.972000000000
79.999000000000
79.997000000000
80.005000000000
79.999000000000
79.994000000000
79.991000000000
79.997000000000
79.970000000000
79.970000000000
80.018000000000
79.994000000000
79.972000000000
79.972000000000
79.989000000000
79.997000000000
79.989000000000
79.989000000000
79.997000000000
79.980000000000
79.999000000000
79.978000000000
79.980000000000
79.989000000000
79.989000000000
80.002000000000
79.989000000000
80.021000000000
79.989000000000
79.991000000000
80.013000000000
79.983000000000
79.989000000000
79.983000000000
80.016000000000
79.978000000000
80.010000000000
80.010000000000
79.989000000000
80.013000000000
79.991000000000
79.989000000000
79.999000000000
79.991000000000
79.978000000000
79.980000000000
79.959000000000
79.989000000000
79.961000000000
79.986000000000
79.997000000000
79.989000000000
79.956000000000
79.994000000000
79.997000000000
79.980000000000
79.980000000000
79.989000000000
79.997000000000
79.972000000000
79.975000000000
79.975000000000
79.975000000000
79.989000000000
79.975000000000
79.975000000000
79.959000000000
79.986000000000
79.997000000000
79.972000000000
79.991000000000
80.002000000000
79.999000000000
79.972000000000
79.991000000000
79.980000000000
79.978000000000
80.008000000000
79.986000000000
80.005000000000
79.989000000000
79.997000000000
79.989000000000
80.016000000000
79.994000000000
80.005000000000
79.975000000000
79.991000000000
80.002000000000
80.013000000000
79.989000000000
79.983000000000
79.975000000000
79.983000000000
79.989000000000
79.991000000000
80.016000000000
79.959000000000
79.975000000000
79.972000000000
79.997000000000
79.961000000000
80.010000000000
79.980000000000
79.980000000000
79.991000000000
79.967000000000
79.980000000000
79.983000000000
79.980000000000
79.975000000000
80.005000000000
79.986000000000
80.005000000000
79.997000000000
80.013000000000
80.008000000000
79.997000000000
79.997000000000
79.978000000000
79.989000000000
79.964000000000
79.978000000000
79.994000000000
79.975000000000
79.980000000000
79.999000000000
79.983000000000
80.005000000000
79.983000000000
79.999000000000
79.983000000000
80.021000000000
80.005000000000
79.994000000000
79.999000000000
79.972000000000
80.013000000000
79.994000000000
79.997000000000
79.975000000000
79.989000000000
79.980000000000
79.986000000000
79.959000000000
79.978000000000
80.008000000000
79.989000000000
79.964000000000
79.986000000000
79.956000000000
79.972000000000
80.010000000000
79.997000000000
79.980000000000
79.983000000000
79.986000000000
79.972000000000
79.997000000000
79.975000000000
80.005000000000
79.964000000000
79.964000000000
79.986000000000
79.970000000000
79.989000000000
80.005000000000
80.005000000000
79.989000000000
79.980000000000
79.989000000000
79.964000000000
79.972000000000
79.978000000000
79.997000000000
79.997000000000
79.989000000000
79.980000000000
79.994000000000
79.991000000000
79.989000000000
79.989000000000
79.991000000000
79.989000000000
79.961000000000
79.961000000000
79.964000000000
79.967000000000
79.989000000000
79.983000000000
79.980000000000
79.951000000000
79.964000000000
79.991000000000
79.964000000000
79.997000000000
79.978000000000
79.989000000000
79.989000000000
79.980000000000
79.967000000000
79.980000000000
79.978000000000
79.989000000000
79.989000000000
79.972000000000
79.989000000000
79.975000000000
79.989000000000
79.986000000000
79.983000000000
80.005000000000
79.986000000000
79.989000000000
79.956000000000
79.972000000000
79.983000000000
79.991000000000
79.991000000000
79.972000000000
79.980000000000
79.983000000000
79.997000000000
80.008000000000
79.989000000000
79.980000000000
79.972000000000
79.961000000000
80.013000000000
79.980000000000
79.986000000000
80.005000000000
79.989000000000
79.986000000000
80.013000000000
79.978000000000
79.997000000000
79.956000000000
80.005000000000
79.999000000000
79.989000000000
79.972000000000
79.991000000000
79.975000000000
80.002000000000
79.980000000000
80.002000000000
80.005000000000
80.013000000000
80.008000000000
79.997000000000
80.013000000000
79.999000000000
79.980000000000
79.989000000000
79.980000000000
79.986000000000
80.013000000000
79.991000000000
80.008000000000
79.980000000000
79.970000000000
79.999000000000
79.975000000000
80.013000000000
79.999000000000
79.980000000000
79.975000000000
79.975000000000
80.005000000000
79.997000000000
79.999000000000
79.975000000000
79.964000000000
79.972000000000
79.994000000000
79.980000000000
80.008000000000
79.980000000000
80.010000000000
80.008000000000
80.005000000000
79.975000000000
79.989000000000
79.980000000000
79.997000000000
80.013000000000
79.978000000000
79.964000000000
79.991000000000
80.005000000000
80.005000000000
79.989000000000
79.997000000000
79.999000000000
80.005000000000
79.997000000000
79.980000000000
79.956000000000
79.986000000000
79.983000000000
79.991000000000
80.005000000000
80.005000000000
79.967000000000
79.986000000000
79.980000000000
79.972000000000
79.989000000000
79.978000000000
79.980000000000
79.997000000000
79.989000000000
79.956000000000
79.983000000000
80.008000000000
80.005000000000
79.991000000000
79.994000000000
79.951000000000
79.970000000000
80.005000000000
79.972000000000
79.964000000000
79.989000000000
80.010000000000
79.978000000000
79.997000000000
80.005000000000
79.978000000000
79.959000000000
79.986000000000
79.972000000000
79.989000000000
79.994000000000
79.997000000000
79.956000000000
79.967000000000
79.980000000000
79.986000000000
80.002000000000
79.997000000000
79.978000000000
79.997000000000
79.975000000000
80.008000000000
79.997000000000
79.975000000000
79.970000000000
79.961000000000
79.989000000000
79.970000000000
79.989000000000
79.999000000000
79.956000000000
80.013000000000
79.975000000000
79.983000000000
79.989000000000
79.997000000000
79.994000000000
79.994000000000
79.991000000000
79.986000000000
79.980000000000
79.983000000000
79.994000000000
79.972000000000
79.951000000000
79.975000000000
