1.099
1.063
1.085
1.025
1.072
1.034
1.12
1.063
1.012
0.979
1.072
1.072
1.096
1.096
1.118
1.123
1.09
1.066
1.039
1.05
1.006
0.985
1.055
1.069
1.072
1.082
1.042
0.996
0.963
0.977
1.006
1.036
1.061
1.058
1.085
1.09
1.012
0.996
0.96
0.963
1.055
1.12
1.164
1.039
1.015
0.979
0.952
0.952
1.104
1.147
1.183
1.164
1.042
1.085
0.996
0.982
1.05
1.082
1.004
0.987
1.069
1.055
1.131
1.169
1.18
1.042
0.974
0.96
1.012
1.055
1.101
1.161
1.126
1.063
1.001
0.977
0.996
1.012
1.004
1.012
1.12
1.164
1.137
1.077
1.034
1.02
1.025
1.055
1.047
1.036
1.02
1.012
1.061
1.093
1.139
1.096
1.12
1.042
0.974
0.96
1.015
1.023
1.101
1.158
1.142
1.12
1.085
1.063
1.069
0.949
0.925
0.996
1.09
1.147
1.134
1.08
1.044
1.042
0.936
0.979
0.968
1.001
1.066
1.139
1.107
1.12
1.09
1.05
1.042
1.058
1.066
1.047
1.063
1.058
1.072
1.02
1.02
1.036
1.093
1.139
1.093
1.047
0.947
0.949
0.982
1.09
1.08
1.053
1.104
1.039
1.001
0.987
1.034
1.139
1.15
1.066
1.05
1.023
1.039
1.023
0.96
0.974
1.12
1.134
1.093
0.996
0.958
0.99
1.077
1.109
1.099
1.123
1.055
1.039
1.028
1.028
1.082
1.058
0.966
1.012
1.036
1.05
1.025
1.006
1.039
1.088
1.142
1.175
1.096
1.044
0.985
0.998
1.017
1.036
1.072
1.08
1.085
1.101
1.09
1.058
1.12
1.128
1.139
1.055
1.053
0.977
0.977
0.982
1.017
1.015
1.15
1.126
1.055
1.017
1.055
1.099
1.096
1.061
1.085
1.109
1.118
1.066
0.987
0.941
1.001
1.025
1.077
1.118
1.08
1.042
1.039
1.02
1.082
1.09
1.123
1.09
1.061
1.004
0.952
0.979
1.034
1.104
1.115
1.012
0.971
0.985
1.015
1.088
1.104
1.055
1.096
1.099
1.126
1.099
1.02
1.077
1.126
1.072
1.066
0.993
0.941
0.99
1.085
1.088
1.063
1.099
1.161
1.085
1.015
1.099
1.061
1.02
1.031
1.044
1.058
1.055
1.061
1.061
1.044
1.047
1.08
1.02
1.017
1.085
1.017
0.996
1.017
1.134
1.156
1.099
1.061
1.025
1.015
0.979
0.96
1.107
1.072
1.077
1.058
1.093
1.09
1.036
1.074
1.107
1.131
1.08
1.112
1.082
1.034
1.034
1.044
1.072
1.072
1.074
1.109
1.107
1.077
1.006
0.971
0.977
1.009
1.015
1.044
1.088
1.069
1.055
1.08
1.085
1.044
1.053
1.066
1.082
1.096
1.08
1.09
1.05
1.112
1.131
1.036
0.998
0.971
1.034
1.028
1.006
1.072
1.096
1.104
1.115
1.036
1.063
1.025
1.001
0.985
1.123
1.164
1.096
1.058
0.987
0.99
0.952
0.996
1.034
1.101
1.085
1.069
1.042
1.072
1.08
1.066
1.044
1.069
1.063
1.015
1.055
1.015
1.072
1.109
1.142
1.126
1.093
1.072
1.085
1.025
1.023
1.044
1.072
1.147
1.161
1.09
0.998
1.028
0.993
1.028
1.05
1.025
1.077
1.077
1.12
1.072
1.009
0.982
0.963
1.006
1.044
1.08
1.101
1.166
1.112
1.036
1.012
0.977
1.004
1.077
1.093
1.104
1.063
1.047
1.072
1.05
1.082
1.069
1.128
1.09
1.093
1.134
1.088
1.082
1.118
1.034
1.036
0.993
0.985
1.039
1.042
1.074
1.058
1.077
1.066
1.088
1.047
1.08
1.069
0.998
0.971
0.998
1.096
1.093
1.126
1.134
1.074
1.039
1.004
0.99
1.025
1.107
1.077
1.058
1.072
1.055
1.099
1.147
1.123
1.061
0.982
1.05
1.061
1.061
1.063
1.05
1.031
1.036
1.036
1.031
1.023
1.085
1.055
0.966
1.009
1.088
1.123
1.142
1.099
1.055
1.006
1.006
0.987
1.012
1.077
1.188
1.123
1.15
1.036
0.987
0.966
1.053
1.036
1.069
1.101
1.123
1.161
1.142
1.034
0.944
0.936
0.917
0.99
1.004
1.107
1.172
1.199
1.08
1.025
1.006
1.036
1.085
1.05
1.063
1.118
1.05
1.047
1.093
1.053
1.004
0.977
1.006
1.118
1.223
1.191
1.058
0.963
0.952
1.053
1.109
1.031
1.001
1.08
1.147
1.101
1.082
1.02
1.023
1.001
1.074
1.08
1.069
0.977
1.034
1.006
1.044
1.02
1.107
1.131
1.139
1.104
1.088
1.128
1.053
0.996
0.985
0.966
1.069
1.131
1.088
1.063
1.09
1.025
1.028
1.036
1.02
0.982
1.012
1.077
1.096
1.107
1.134
1.153
1.109
1.02
1.004
1.099
1.061
1.093
1.044
1.006
1.05
1.044
1.061
1.09
1.12
1.088
1.034
1.028
0.998
1.096
1.112
1.104
1.085
1.069
1.017
1.015
1.001
1.012
1.093
1.134
1.137
1.099
1.096
1.017
1.009
0.99
0.996
0.982
1.072
1.147
1.166
1.104
0.99
0.987
0.985
1.093
1.115
1.112
1.034
1.099
1.088
1.012
1.02
1.006
1.085
1.115
1.115
1.069
1.028
1.053
1.072
1.017
0.911
1.02
1.115
1.12
1.072
1.085
1.085
1.115
1.085
1.009
0.928
0.949
1.047
1.128
1.142
1.137
1.126
1.101
1.023
1.028
1.001
1.047
1.053
1.09
1.131
1.112
1.08
1.02
0.936
0.985
1.131
1.099
1.12
1.107
1.104
1.12
1.047
1.017
1.061
1.039
1.085
1.063
1.142
1.096
1.072
0.993
0.914
1.047
1.109
1.142
1.072
1.006
1.039
1.039
1.025
1.085
1.126
1.025
0.998
1.058
1.101
1.131
1.069
1.001
0.998
1.096
1.099
1.142
1.153
1.123
1.158
1.08
0.963
0.944
0.898
0.892
1.034
1.082
1.18
1.12
1.188
1.104
1.034
1.023
1.031
1.077
1.047
1.115
1.085
1.082
1.096
1.061
1.055
1.02
1.072
1.134
1.104
1.142
1.12
1.093
1.042
1.006
1.012
1.053
1.115
1.08
1.109
1.082
1.055
1.053
1.001
0.974
1.023
1.072
1.088
1.169
1.185
1.112
1.025
1.001
0.944
1.006
1.085
1.161
1.221
1.188
1.128
1.101
1.001
1.042
1.036
0.977
0.993
0.979
1.034
1.044
1.074
1.128
1.12
1.099
1.006
1.004
1.001
1.088
1.069
1.099
1.099
1.088
1.153
1.166
1.107
1.099
1.061
1.023
1.072
1.126
1.18
1.123
1.042
1.066
1.039
1.061
1.036
1.093
1.039
1.09
1.077
1.047
1.061
1.072
1.05
1.025
1.012
0.963
1.074
1.093
1.044
1.077
1.101
1.09
1.069
1.015
0.993
1.023
1.085
1.115
1.069
0.977
1.047
1.053
1.12
1.156
1.153
1.118
1.09
1.023
1.053
1.053
1.088
1.053
1.082
1.044
0.982
1.02
1.042
1.104
1.128
1.153
1.128
1.069
1.023
1.028
1.042
1.05
1.02
1.042
1.09
1.128
1.147
1.172
1.072
1.063
1.042
1.006
1.05
1.006
1.025
1.055
1.109
1.09
1.063
1.099
1.137
1.058
1.025
1.028
1.099
1.134
1.172
1.169
1.093
0.987
0.868
0.892
1.017
1.204
1.253
1.218
1.107
1.107
1.063
1.036
0.971
0.979
1.017
1.082
1.09
1.042
1.028
1.028
0.985
0.993
1.015
1.069
1.115
1.164
1.101
1.066
1.109
1.05
1.009
1.025
0.99
1.053
1.096
1.082
1.09
0.993
0.96
1.009
1.05
1.118
1.115
1.137
1.085
1.004
0.971
0.941
1.05
1.101
1.142
1.137
1.082
1.055
0.99
0.979
1.05
1.107
1.077
1.131
1.047
0.998
1.047
1.118
1.077
1.169
1.207
1.115
1.063
1.042
0.996
1.015
1.006
1.09
1.063
1.069
1.08
1.05
1.104
1.044
1.015
1.053
1.023
1.012
1.028
1.039
1.077
1.112
1.077
1.085
1.047
1.009
1.072
1.053
1.028
1.058
1.044
1.044
1.074
1.031
1.077
1.104
1.101
0.99
0.971
0.993
1.088
1.196
1.158
1.085
0.974
0.963
1.05
1.006
1.031
1.058
1.072
1.039
0.985
1.001
1.055
1.099
1.104
1.077
1.061
1.047
1.028
1.028
1.104
1.093
1.047
1.039
1.042
1.09
1.058
1.082
1.02
0.993
1.02
1.085
1.104
1.101
1.055
1.069
1.085
1.055
1.055
1.063
1.107
1.15
1.126
1.023
0.996
0.99
0.998
1.061
1.09
1.128
1.169
1.096
1.12
1.034
1.034
1.077
1.093
1.096
1.112
1.028
1.066
1.115
1.023
1.031
1.012
1.044
1.104
1.015
0.882
0.982
1.072
1.112
1.085
1.069
1.05
1.082
1.096
1.036
1.063
1.082
1.066
1.104
1.05
1.012
1.023
1.012
1.077
1.107
1.128
1.077
1.128
1.061
1.05
1.012
1.088
1.096
1.15
1.134
1.042
0.949
1.023
1.05
1.028
1.047
1.009
1.036
1.099
1.093
1.063
1.061
1.036
1.118
1.118
1.112
1.061
1.023
1.042
1.09
1.134
1.112
1.09
1.058
1.063
0.985
0.99
1.082
1.153
1.123
1.12
1.082
1.063
1.036
1.028
1.039
1.061
1.063
1.055
1.015
1.009
1.034
1.042
1.08
1.069
1.074
1.147
1.123
1.088
1.028
0.949
0.914
0.982
1.074
1.115
1.12
1.036
1.05
0.979
0.977
1.05
1.061
1.093
1.072
1.044
1.015
1.034
1.077
1.15
1.191
1.096
1.006
0.958
0.985
1.015
0.99
1.02
1.001
1.104
1.153
1.093
1.115
1.115
1.101
1.058
0.993
0.966
1.02
1.085
1.177
1.213
1.169
1.069
0.936
0.952
1.042
1.101
1.166
1.131
1.096
1.069
1.02
0.939
1.001
1.082
1.128
1.164
1.139
1.044
0.917
0.947
1.042
1.112
1.085
1.077
1.044
1.028
1.034
0.979
1.015
1.074
1.156
1.134
1.093
1.044
0.985
1.02
1.05
1.126
1.145
1.066
1.118
1.104
1.058
1.072
1.047
1.058
1.107
1.012
1.006
1.096
1.074
1.066
1.053
1.055
1.08
1.047
1.09
1.101
1.093
0.996
0.979
1.017
1.099
1.145
1.139
1.099
1.044
1.099
1.05
1.02
1.031
1.088
1.063
1.085
1.15
1.134
1.069
1.085
1.093
1.055
1.036
1.036
1.017
1.05
1.053
1.096
1.069
1.142
1.147
1.063
1.085
1.034
1.036
0.977