0.285
0.296
0.307
0.301
0.296
0.279
0.315
0.298
0.298
0.288
0.347
0.336
0.307
0.293
0.312
0.323
0.293
0.282
0.328
0.317
0.288
0.298
0.307
0.301
0.304
0.342
0.323
0.279
0.26
0.252
0.279
0.307
0.342
0.328
0.296
0.269
0.298
0.285
0.315
0.288
0.293
0.277
0.266
0.244
0.304
0.315
0.301
0.271
0.288
0.336
0.317
0.32
0.339
0.323
0.255
0.304
0.288
0.355
0.372
0.317
0.298
0.26
0.309
0.347
0.334
0.304
0.288
0.326
0.358
0.32
0.274
0.293
0.358
0.342
0.315
0.252
0.277
0.293
0.298
0.258
0.288
0.307
0.293
0.298
0.315
0.323
0.334
0.29
0.345
0.328
0.309
0.307
0.336
0.326
0.323
0.328
0.323
0.331
0.309
0.301
0.307
0.369
0.347
0.342
0.336
0.323
0.336
0.288
0.279
0.309
0.309
0.263
0.293
0.309
0.326
0.328
0.301
0.323
0.29
0.317
0.293
0.315
0.269
0.247
0.228
0.317
0.32
0.323
0.347
0.342
0.339
0.361
0.331
0.301
0.309
0.331
0.336
0.293
0.29
0.309
0.328
0.293
0.323
0.331
0.317
0.32
0.296
0.263
0.25
0.282
0.296
0.315
0.277
0.255
0.304
0.277
0.293
0.288
0.323
0.312
0.328
0.317
0.312
0.342
0.331
0.296
0.309
0.279
0.296
0.334
0.317
0.339
0.304
0.312
0.307
0.315
0.334
0.35
0.353
0.345
0.29
0.301
0.301
0.298
0.285
0.277
0.296
0.279
0.285
0.317
0.328
0.307
0.309
0.298
0.304
0.312
0.309
0.304
0.293
0.282
0.298
0.328
0.32
0.317
0.317
0.315
0.307
0.309
0.309
0.323
0.326
0.304
0.296
0.309
0.293
0.288
0.323
0.326
0.304
0.315
0.328
0.288
0.277
0.293
0.293
0.296
0.296
0.279
0.323
0.304
0.293
0.288
0.298
0.336
0.334
0.301
0.277
0.282
0.309
0.29
0.293
0.312
0.331
0.32
0.317
0.307
0.317
0.309
0.345
0.315
0.309
0.304
0.288
0.315
0.328
0.328
0.323
0.312
0.347
0.317
0.315
0.309
0.304
0.315
0.296
0.258
0.282
0.266
0.301
0.315
0.347
0.298
0.288
0.29
0.32
0.29
0.315
0.315
0.307
0.331
0.315
0.304
0.312
0.328
0.323
0.32
0.317
0.309
0.288
0.301
0.298
0.258
0.26
0.307
0.35
0.355
0.288
0.274
0.304
0.372
0.363
0.296
0.312
0.293
0.317
0.293
0.315
0.307
0.266
0.285
0.323
0.336
0.334
0.326
0.35
0.317
0.301
0.328
0.312
0.293
0.288
0.304
0.282
0.29
0.312
0.32
0.355
0.334
0.323
0.293
0.307
0.372
0.336
0.309
0.298
0.326
0.334
0.293
0.29
0.282
0.315
0.304
0.274
0.277
0.296
0.307
0.358
0.323
0.298
0.293
0.301
0.296
0.315
0.285
0.304
0.334
0.339
0.358
0.317
0.279
0.342
0.309
0.285
0.269
0.326
0.301
0.312
0.266
0.312
0.307
0.326
0.307
0.323
0.298
0.358
0.32
0.296
0.309
0.293
0.301
0.32
0.315
0.285
0.312
0.277
0.298
0.277
0.269
0.298
0.32
0.347
0.312
0.296
0.317
0.309
0.315
0.323
0.35
0.358
0.342
0.312
0.298
0.258
0.252
0.304
0.342
0.336
0.328
0.279
0.304
0.358
0.29
0.271
0.231
0.271
0.309
0.32
0.307
0.307
0.301
0.285
0.301
0.285
0.296
0.328
0.304
0.307
0.304
0.312
0.323
0.369
0.347
0.331
0.298
0.307
0.285
0.282
0.298
0.285
0.307
0.32
0.307
0.309
0.317
0.326
0.326
0.328
0.304
0.29
0.274
0.315
0.345
0.307
0.312
0.269
0.288
0.307
0.298
0.29
0.304
0.298
0.309
0.315
0.298
0.29
0.288
0.258
0.285
0.29
0.309
0.307
0.304
0.307
0.301
0.29
0.252
0.25
0.258
0.331
0.315
0.317
0.304
0.296
0.277
0.26
0.298
0.342
0.339
0.334
0.347
0.328
0.307
0.312
0.32
0.304
0.309
0.315
0.309
0.288
0.247
0.307
0.309
0.312
0.285
0.274
0.293
0.309
0.285
0.296
0.309
0.326
0.29
0.323
0.317
0.32
0.326
0.315
0.288
0.339
0.293
0.277
0.279
0.274
0.258
0.269
0.304
0.315
0.336
0.334
0.334
0.301
0.279
0.293
0.32
0.377
0.35
0.323
0.285
0.269
0.282
0.298
0.29
0.282
0.285
0.285
0.266
0.304
0.331
0.298
0.309
0.315
0.331
0.342
0.293
0.26
0.266
0.293
0.298
0.309
0.304
0.345
0.326
0.315
0.285
0.296
0.285
0.304
0.301
0.315
0.334
0.35
0.328
0.309
0.274
0.277
0.255
0.32
0.334
0.326
0.285
0.26
0.271
0.35
0.35
0.342
0.298
0.328
0.312
0.331
0.326
0.317
0.277
0.309
0.309
0.334
0.293
0.304
0.315
0.293
0.277
0.25
0.285
0.307
0.32
0.296
0.252
0.288
0.274
0.309
0.323
0.293
0.29
0.307
0.345
0.355
0.315
0.296
0.277
0.274
0.25
0.263
0.277
0.315
0.296
0.269
0.277
0.301
0.304
0.317
0.266
0.29
0.266
0.288
0.285
0.315
0.312
0.269
0.277
0.307
0.312
0.296
0.301
0.312
0.317
0.358
0.361
0.353
0.334
0.328
0.312
0.307
0.326
0.285
0.277
0.266
0.285
0.277
0.304
0.293
0.307
0.317
0.29
0.301
0.315
0.315
0.29
0.279
0.282
0.296
0.309
0.339
0.334
0.309
0.339
0.393
0.326
0.271
0.263
0.274
0.315
0.315
0.301
0.285
0.315
0.317
0.328
0.336
0.296
0.29
0.274
0.285
0.282
0.315
0.296
0.293
0.274
0.298
0.298
0.296
0.323
0.339
0.317
0.323
0.309
0.301
0.288
0.317
0.323
0.304
0.285
0.309
0.323
0.301
0.252
0.285
0.304
0.334
0.336
0.301
0.304
0.323
0.315
0.331
0.312
0.32
0.266
0.252
0.279
0.307
0.282
0.26
0.263
0.269
0.274
0.279
0.288
0.331
0.312
0.309
0.304
0.298
0.307
0.339
0.317
0.304
0.266
0.266
0.298
0.334
0.312
0.307
0.323
0.331
0.342
0.326
0.26
0.282
0.296
0.285
0.298
0.301
0.315
0.334
0.331
0.355
0.309
0.323
0.301
0.288
0.255
0.298
0.285
0.304
0.279
0.285
0.301
0.304
0.282
0.304
0.293
0.345
0.355
0.345
0.312
0.296
0.304
0.298
0.288
0.307
0.307
0.288
0.269
0.288
0.274
0.29
0.277
0.304
0.252
0.296
0.293
0.293
0.293
0.296
0.258
0.282
0.285
0.304
0.323
0.317
0.304
0.301
0.293
0.279
0.296
0.326
0.277
0.307
0.288
0.29
0.29
0.315
0.312
0.358
0.326
0.298
0.339
0.355
0.331
0.309
0.331
0.347
0.328
0.298
0.309
0.35
0.304
0.301
0.285
0.288
0.339
0.336
0.317
0.304
0.304
0.328
0.285
0.255
0.263
0.298
0.326
0.328
0.312
0.296
0.298
0.298
0.328
0.317
0.282
0.252
0.293
0.315
0.339
0.323
0.277
0.271
0.301
0.309
0.312
0.307
0.285
0.307
0.285
0.282
0.266
0.301
0.32
0.307
0.279
0.301
0.317
0.345
0.296
0.307
0.309
0.315
0.317
0.285
0.277
0.279
0.25
0.293
0.29
0.298
0.323
0.312
0.296
0.279
0.298
0.301
0.301
0.269
0.285
0.334
0.323
0.285
0.307
0.342
0.317
0.339
0.298
0.277
0.32
0.345
0.336
0.296
0.304
0.315
0.29
0.307
0.277
0.301
0.298
0.29
0.279
0.29
0.298
0.309
0.279
0.263
0.312
0.331
0.35
0.328
0.339
0.347
0.315
0.288
0.301
0.307
0.288
0.298
0.269
0.269
0.304
0.296
0.315
0.298
0.331
0.339
0.328
0.304
0.288
0.282
0.288
0.288
0.282
0.312
0.355
0.315
0.277
0.269
0.29
0.307
0.296
0.304
0.334
0.296
0.29
0.293
0.279
0.307
0.334
0.331
0.298
0.309
0.312
0.307
0.269
0.296
0.315
0.35
0.336
0.312
0.307
0.288
0.263
0.293
0.328
0.377
0.353
0.317
0.334
0.336
0.342
0.26
0.263
0.277
0.312
0.323
0.317
0.288
0.279
0.271
0.269
0.252
0.266
0.315
0.336
0.336
0.374
0.336
0.274
0.293
0.326
0.32
0.301
0.279
0.307
0.285
0.274
0.296
0.279
0.266
0.263
0.271
0.266
0.323
0.358
0.347
0.285
0.263
0.317
0.315
0.32
0.304
0.298
0.331
0.315
0.339
0.328
0.296
0.293
0.288
0.326
0.309
0.347
0.317
0.29
0.285
0.296
0.307
0.304
0.293
0.269
0.269
0.301
0.296
0.285
0.255
0.269
0.263
0.233
0.263
0.309
0.317
0.326
0.301
0.309
0.298
0.301
0.307
0.301
0.29
0.32
0.296
0.309
0.274
0.274
0.29
0.32
0.29
0.288
0.279
0.331
0.369
0.339
0.271
0.282
0.312
0.315
0.304
0.279
0.315
0.298
0.315
0.279
0.317
0.315
0.309
0.29
0.301
0.307
0.315
0.317
0.279
0.269
0.244
0.26
0.279
0.285
0.298
0.317
0.285
0.339
0.35
0.345
0.263
0.258
0.282
0.35
0.35
0.336
0.304
0.296
0.307
0.309
0.244
0.29
0.277
0.293
0.361
0.339
0.288
0.282
0.326
0.312
0.307
0.266
0.285
0.323
0.334
0.312
0.293
0.301
0.304
0.315
0.29
0.301
0.312
0.293
0.282
0.317
0.345
0.301
0.277
0.29
0.296
0.29
0.293
0.298
0.293
0.331
0.29
0.353
0.38
0.339
0.304
0.309
0.282
0.336
0.312
0.307
0.282
0.279
0.296
0.288
0.317
0.32
0.315
0.342
0.301
0.271
0.277
0.334
0.347
0.323
0.312
0.298
0.252
0.269
0.26
0.266
0.315
0.331
0.296
0.304
0.35
0.334
0.296
0.288
0.331
0.336
0.315
0.298
0.236
0.298
0.339
0.342
0.309
0.301
0.285
0.301
0.293
0.309
0.32
0.317
0.317
0.312
0.309
0.307
0.342
0.328
0.334
0.304
0.263
0.29
0.309
0.312
0.309
0.298
0.304
0.323
0.296
0.298
0.29
0.32
0.317
0.282
0.32
0.315
0.271
0.293
0.304
0.29
0.258
0.244
0.298
0.353
0.35
0.328
0.288
0.301
0.298
0.317
0.358
0.309
0.296
0.301
0.298
0.277
0.244
0.279
0.336
0.29
0.29
0.282
0.315
0.296
0.307
0.263
0.317
0.326
0.331
0.279
0.244
0.269
0.298
0.301
0.304
0.312
0.293
0.304
0.29
0.32
0.317
0.304
0.288
0.301
0.29
0.307
0.301
0.326
0.296
0.326
0.32
0.301
0.298
0.339
0.323
0.29
0.293
0.309
0.307
0.35
0.328
0.298
0.269
0.26
0.301
0.312
0.29
0.285
0.285
0.282
0.301
0.298
0.298
0.293
0.345
0.363
0.331
0.29
0.263
0.263
0.266
0.32
0.331
0.323
0.298
0.353
0.363
0.328
0.271
0.279
0.266
0.304
0.307
0.301
0.301
0.263
0.274
0.296
0.323
0.331
0.328
0.304
0.274
0.277
0.296
0.323
0.328
0.334
0.328
0.32
0.293
0.298
0.282
0.331
0.29
0.323
0.298
0.317
0.301
0.304
0.282
0.277
0.282
0.315
0.339
0.312
0.323
0.304
0.29
0.277
0.293
0.312
0.312
0.266
0.285
0.285
0.307
0.353
0.296
0.296
0.296
0.323
0.29
0.288
0.279
0.274
0.258
0.301
0.317
0.279
0.304
0.309
0.312
0.301
0.326
0.339
0.339
0.336
0.309
0.309
0.296
0.298
0.298
0.315
0.312
0.309
0.301
0.282
0.258
0.258
0.255
0.271
0.312
0.307
0.301
0.307
0.323
0.309
0.29
0.307
0.269
0.29
0.288
0.288
0.293
0.304
0.258
0.288
0.317
0.334
0.312
0.323
0.312
0.326
0.358
0.336
0.29
0.288
0.288
0.307
0.298
0.315
0.285
0.274
0.29
0.298
0.298
0.258
0.288
0.32
0.309
0.328
0.285
0.279
0.301
0.277
0.25
0.271
0.279
0.304
0.32
0.285
0.271
0.35
0.353
0.315
0.285
0.298
0.331
0.309
0.296
0.288
0.307
0.309
0.309
0.312
0.307
0.315
0.32
0.326
0.277
0.285
0.298
0.32
0.334
0.307
0.285
0.293
0.307
0.339
0.317
0.293
0.296
0.32
0.271
0.277
0.279
0.29
0.298
0.301
0.317
0.304
0.277
0.32
0.317
0.29
0.274
0.255
0.277
0.277
0.285
0.307
0.269
0.282
0.266
0.266
0.312
0.298
0.266
0.301
0.304
0.309
0.301
0.301
0.288
0.288
0.309
0.331
0.309
0.269
0.269
0.29
0.296
0.317
0.298
0.353
0.355
0.353
0.277
0.298
0.298
0.26
0.301
0.293
0.323
0.307
0.323
0.312
0.298
0.301
0.307
0.301
0.307
0.309
0.334
0.336
0.326
0.29
0.252
0.323
0.309
0.29
0.263
0.26
0.277
0.32
0.271
0.282
0.304
0.293
0.336
0.328
0.358
0.323
0.29
0.282
0.298
0.317
0.342
0.298
0.285
0.282
0.271
0.247
0.29
0.282
0.29
0.315
0.315
0.282
0.282
0.288
0.288
0.296
0.296
0.288
0.309
0.263
0.288
0.271
0.298
0.345
0.331
0.326
0.301
0.304
0.266
0.269
0.255
0.288
0.312
0.32
0.345
0.279
0.312
0.304
0.277
0.312
0.274
0.293
0.342
0.35
0.296
0.282
0.269
0.345
0.334
0.339
0.323
0.317
0.304
0.309
0.317
0.326
0.285
0.269
0.298
0.326
0.296
0.293
0.315
0.296
0.307
0.298
0.298
0.285
0.323
0.309
0.29
0.307
0.342
0.345
0.336
0.326
0.29
0.304
0.307
0.288
0.271
0.269
0.317
0.323
0.304
0.288
0.326
0.293
0.274
0.241
0.255
0.296
0.29
0.29
0.29
0.315
0.342
0.32
0.309
0.255
0.304
0.307
0.323
0.274
0.293
0.277
0.317
0.307
0.32
0.282
0.307
0.317
0.323
0.288
0.274
0.25
0.255
0.274
0.323
0.323
0.345
0.331
0.304
0.328
0.331
0.301
0.315
0.334
0.279
0.279
0.285
0.282
0.263
0.285
0.274
0.258
0.29
0.288
0.32
0.312
0.307
0.293
0.279
0.288
0.29
0.293
0.288
0.326
0.35
0.331
0.304
0.304
0.296
0.301
0.309
0.307
0.301
0.25
0.244
0.274
0.328
0.342
0.301
0.296
0.304
0.358
0.334
0.312
0.279
0.315
0.301
0.309
0.301
0.282
0.285
0.274
0.309
0.247
0.271
0.274
0.339
0.355
0.347
0.315
0.279
0.298
0.307
0.353
0.355
0.32
0.315
0.317
0.301
0.266
0.279
0.304
0.307
0.309
0.285
0.282
0.334
0.296
0.263
0.263
0.285
0.282
0.298
0.298
0.32
0.304
0.29
0.32
0.309
0.293
0.32
0.307
0.296
0.304
0.374
0.323
0.274
0.279
0.298
0.29
0.309
0.285
0.326
0.328
0.282
0.25
0.312
0.336
0.315
0.255
0.255
0.274
0.301
0.309
0.293
0.317
0.331
0.342
0.363
0.366
0.336
0.277
0.282
0.293
0.288
0.263
0.271
0.301
0.328
0.298
0.293
0.282
0.317
0.304
0.32
0.279
0.285
0.296
0.296
0.277
0.271
0.277
0.35
0.336
0.307
0.304
0.285
0.304
0.312
0.274
0.29
0.296
0.271
0.271
0.29
0.279
0.29
0.29
0.29
0.334
0.307
0.312
0.293
0.301
0.339
0.353
0.342
0.326
0.293
0.301
0.301
0.304
0.32
0.277
0.274
0.279
0.301
0.304
0.301
0.271
0.279
0.274
0.255
0.255
0.266
0.285
0.334
0.29
0.301
0.274
0.307
0.296
0.288
0.26
0.296
0.32
0.342
0.326
0.312
0.279
0.304
0.317
0.363
0.353
0.323
0.307
0.258
0.277
0.263
0.307
0.331
0.293
0.266
0.244
0.222
0.247
0.274
0.255
0.293
0.288
0.298
0.282
0.339
0.369
0.363
0.293
0.279
0.296
0.307
0.301
0.296
0.279
0.285
0.304
0.317
0.269
0.296
0.315
0.315
0.326
0.315
0.285
0.274
0.29
0.307
0.304
0.301
0.317
0.304
0.269
0.25
0.271
0.301
0.328
0.301
0.315
0.336
0.298
0.241
0.304
0.328
0.307
0.282
0.263
0.277
0.312
0.304
0.312
0.293
0.274
0.315
0.277
0.315
0.271
0.271
0.26
0.255
0.279
0.288
0.309
0.334
0.326
0.307
0.279
0.282
0.312
0.32
0.312
0.274
0.266
0.326
0.285
0.285
0.328
0.274
0.271
0.285
0.339
0.315
0.312
0.334
0.252
0.271
0.285
0.326
0.331
0.336
0.336
0.296
0.304
0.29
0.293
0.282
0.296
0.301
0.285
0.285
0.312
0.347
0.32
0.298
0.296
0.293
0.269
0.282
0.355
0.339
0.298
0.255
0.279
0.296
0.255
0.293
0.334
0.331
0.326
0.374
0.339
0.26
0.26
0.263
0.271
0.274
0.288
0.304
0.296
0.266
0.266
0.298
0.29
0.309
0.323
0.293
0.304
0.266
0.277
0.269
0.312
0.315
0.298
0.312
0.304
0.336
0.331
0.328
0.323
0.32
0.298
0.317
0.301
0.266
0.269
0.279
0.277
0.298
0.307
0.296
0.309
0.307
0.296
0.293
0.296
0.312
0.315
0.32
0.315
0.304
0.277
0.296
0.26
0.326
