80.642
80.65
80.645
80.65
80.642
80.65
80.661
80.659
80.672
80.642
80.642
80.65
80.648
80.661
80.634
80.653
80.656
80.653
80.648
80.642
80.645
80.648
80.645
80.64
80.661
80.648
80.65
80.653
80.667
80.642
80.645
80.648
80.653
80.648
80.659
80.653
80.672
80.661
80.65
80.642
80.65
80.637
80.648
80.645
80.656
80.648
80.645
80.653
80.656
80.656
80.64
80.656
80.659
80.642
80.664
80.656
80.642
80.661
80.653
80.659
80.656
80.634
80.642
80.64
80.653
80.659
80.65
80.648
80.661
80.661
80.65
80.648
80.642
80.659
80.653
80.653
80.64
80.645
80.637
80.664
80.642
80.656
80.656
80.664
80.65
80.656
80.645
80.648
80.659
80.653
80.648
80.653
80.653
80.653
80.645
80.645
80.664
80.659
80.664
80.648
80.664
80.645
80.65
80.642
80.645
80.659
80.648
80.659
80.642
80.65
80.642
80.653
80.642
80.637
80.65
80.648
80.664
80.661
80.648
80.661
80.64
80.659
80.656
80.65
80.642
80.65
80.656
80.656
80.653
80.65
80.65
80.64
80.65
80.659
80.637
80.65
80.661
80.653
80.661
80.659
80.661
80.659
80.648
80.645
80.648
80.659
80.634
80.637
80.661
80.653
80.648
80.642
80.659
80.645
80.642
80.642
80.648
80.642
80.656
80.65
80.64
80.642
80.642
80.653
80.645
80.653
80.648
80.648
80.645
80.667
80.653
80.645
80.656
80.645
80.672
80.659
80.656
80.645
80.64
80.626
80.645
80.648
80.648
80.64
80.656
80.653
80.661
80.653
80.669
80.645
80.653
80.645
80.653
80.659
80.637
80.653
80.656
80.645
80.64
80.656
80.664
80.659
80.659
80.645
80.656
80.642
80.656
80.653
80.642
80.659
80.629
80.653
80.64
80.648
80.645
80.653
80.659
80.645
80.656
80.65
80.661
80.653
80.659
80.661
80.656
80.653
80.65
80.661
80.659
80.659
80.645
80.645
80.642
80.637
80.637
80.656
80.656
80.664
80.64
80.634
80.659
80.642
80.653
80.648
80.648
80.648
80.637
80.653
80.642
80.65
80.661
80.637
80.653
80.645
80.659
80.648
80.65
80.65
80.648
80.637
80.667
80.664
80.645
80.653
80.64
80.65
80.664
80.642
80.634
80.659
80.645
80.659
80.664
80.653
80.65
80.645
80.645
80.656
80.661
80.637
80.653
80.65
80.642
80.653
80.653
80.659
80.645
80.65
80.645
80.645
80.661
80.648
80.65
80.661
80.642
80.653
80.64
80.656
80.659
80.642
80.642
80.675
80.645
80.661
80.645
80.656
80.645
80.65
80.637
80.656
80.648
80.645
80.645
80.664
80.64
80.653
80.64
80.667
80.653
80.661
80.648
80.645
80.653
80.645
80.661
80.656
80.653
80.648
80.659
80.656
80.648
80.645
80.653
80.653
80.648
80.645
80.645
80.642
80.664
80.659
80.653
80.661
80.653
80.64
80.637
80.653
80.653
80.656
80.65
80.632
80.653
80.659
80.661
80.634
80.648
80.653
80.648
80.661
80.664
80.661
80.661
80.642
80.648
80.648
80.656
80.632
80.645
80.645
80.645
80.65
80.648
80.645
80.64
80.659
80.653
80.656
80.653
80.642
80.648
80.645
80.653
80.65
80.659
80.645
80.653
80.645
80.669
80.64
80.648
80.653
80.653
80.648
80.648
80.667
80.659
80.645
80.645
80.645
80.64
80.653
80.64
80.65
80.653
80.678
80.642
80.648
80.661
80.653
80.645
80.648
80.659
80.64
80.653
80.661
80.64
80.65
80.664
80.659
80.653
80.656
80.642
80.664
80.65
80.64
80.653
80.65
80.64
80.661
80.656
80.656
80.656
80.645
80.661
80.648
80.645
80.667
80.637
80.653
80.653
80.659
80.64
80.648
80.637
80.642
80.65
80.65
80.656
80.64
80.637
80.656
80.65
80.653
80.645
80.653
80.648
80.656
80.642
80.648
80.661
80.653
80.648
80.645
80.661
80.645
80.65
80.642
80.664
80.656
80.637
80.648
80.642
80.667
80.664
80.645
80.659
80.664
80.648
80.65
80.648
80.648
80.661
80.64
80.648
80.664
80.661
80.656
80.648
80.648
80.645
80.64
80.648
80.659
80.667
80.659
80.653
80.637
80.667
80.65
80.661
80.642
80.656
80.645
80.648
80.656
80.664
80.661
80.653
80.648
80.64
80.656
80.648
80.642
80.645
80.653
80.648
80.661
80.645
80.645
80.653
80.659
80.667
80.661
80.648
80.648
80.659
80.659
80.656
80.65
80.653
80.672
80.642
80.653
80.661
80.653
80.645
80.65
80.661
80.653
80.645
80.642
80.645
80.648
80.672
80.667
80.648
80.656
80.661
80.642
80.653
80.648
80.648
80.664
80.664
80.65
80.661
80.656
80.656
80.664
80.659
80.667
80.669
80.65
80.648
80.65
80.661
80.669
80.653
80.661
80.64
80.667
80.645
80.648
80.669
80.65
80.653
80.669
80.672
80.65
80.653
80.659
80.653
80.653
80.653
80.653
80.656
80.661
80.667
80.667
80.669
80.65
80.65
80.648
80.664
80.648
80.659
80.64
80.656
80.669
80.656
80.661
80.64
80.667
80.65
80.656
80.642
80.659
80.659
80.667
80.664
80.648
80.648
80.65
80.653
80.653
80.659
80.645
80.648
80.637
80.664
80.664
80.659
80.669
80.65
80.65
80.653
80.656
80.645
80.64
80.648
80.661
80.65
80.661
80.648
80.65
80.648
80.675
80.667
80.667
80.664
80.653
80.65
80.659
80.64
80.656
80.656
80.645
80.642
80.64
80.648
80.648
80.642
80.653
80.645
80.648
80.661
80.661
80.659
80.645
80.664
80.659
80.653
80.648
80.653
80.648
80.661
80.645
80.64
80.653
80.664
80.645
80.645
80.653
80.648
80.65
80.634
80.659
80.653
80.656
80.648
80.661
80.653
80.664
80.645
80.653
80.65
80.659
80.642
80.648
80.64
80.659
80.653
80.653
80.653
80.664
80.656
80.653
80.664
80.64
80.645
80.65
80.653
80.65
80.653
80.64
80.678
80.648
80.669
80.648
80.672
80.664
80.65
80.648
80.642
80.642
80.653
80.642
80.642
80.659
80.661
80.637
80.645
80.653
80.656
80.65
80.659
80.664
80.645
80.648
80.659
80.656
80.661
80.65
80.645
80.661
80.659
80.653
80.661
80.653
80.659
80.65
80.64
80.672
80.656
80.669
80.653
80.656
80.672
80.653
80.659
80.667
80.642
80.661
80.648
80.661
80.645
80.653
80.648
80.656
80.672
80.672
80.661
80.664
80.645
80.648
80.659
80.642
80.661
80.648
80.645
80.664
80.648
80.65
80.659
80.653
80.659
80.648
80.653
80.669
80.664
80.653
80.637
80.656
80.648
80.653
80.659
80.645
80.664
80.656
80.661
80.645
80.65
80.672
80.653
80.653
80.634
80.661
80.65
80.667
80.659
80.64
80.656
80.659
80.659
80.664
80.65
80.637
80.65
80.645
80.664
80.65
80.659
80.648
80.661
80.65
80.645
80.65
80.669
80.65
80.653
80.653
80.672
80.645
80.661
80.65
80.656
80.661
80.664
80.667
80.653
80.664
80.648
80.653
80.645
80.65
80.678
80.659
80.656
80.653
80.656
80.667
80.653
80.661
80.667
80.653
80.656
80.648
80.667
80.648
80.648
80.669
80.648
80.669
80.667
80.65
80.659
80.659
80.637
80.659
80.661
80.653
80.661
80.648
80.675
80.642
80.65
80.661
80.667
80.659
80.648
80.661
80.653
80.642
80.653
80.653
80.661
80.65
80.661
80.659
80.648
80.634
80.656
80.64
80.653
80.659
80.669
80.634
80.653
80.653
80.653
80.653
80.65
80.678
80.661
80.656
80.661
80.645
80.659
80.656
80.642
80.637
80.653
80.648
80.661
80.661
80.653
80.659
80.653
80.659
80.656
80.664
80.664
80.653
80.648
80.65
80.688
80.659
80.65
80.64
80.648
80.64
80.667
80.664
80.667
80.667
80.653
80.642
80.659
80.648
80.661
80.645
80.667
80.661
